 ((lm1 mu1)al1 L1; (lm2 mu2)al2 L2 || rh (lm3 mu3)al3 L3)
     6   0   1  0     1   1   1  2     1    6   0   1  2  -0.4472136

     6   0   1  2     1   1   1  2     1    6   0   1  0  -1.0000000

     6   0   1  2     1   1   1  2     1    6   0   1  2   0.5455447

     6   0   1  2     1   1   1  2     1    6   0   1  4  -0.4824979

     6   0   1  4     1   1   1  2     1    6   0   1  2  -0.6473389

     6   0   1  4     1   1   1  2     1    6   0   1  4   0.5201565

     6   0   1  4     1   1   1  2     1    6   0   1  6  -0.3892495

     6   0   1  6     1   1   1  2     1    6   0   1  4  -0.4678196

     6   0   1  6     1   1   1  2     1    6   0   1  6   0.5149287

     2   2   1  0     1   1   1  2     1    2   2   1  2  -0.3900368
                                       2                   0.2187952

             1  0             1  2     1            2  2  -0.2187952
                                       2                  -0.3900368

     2   2   1  2     1   1   1  2     1    2   2   1  0  -0.8721487
                                       2                   0.4892409

             2  2             1  2     1            1  0  -0.4892409
                                       2                  -0.8721487

     2   2   1  2     1   1   1  2     1    2   2   1  2   0.4770548
                                       2                  -0.3143460

             1  2             1  2     1            2  2  -0.2914081
                                       2                  -0.4361644

             2  2             1  2     1            1  2  -0.2914081
                                       2                  -0.4361644

             2  2             1  2     1            2  2  -0.4770548
                                       2                   0.2185146

     2   2   1  2     1   1   1  2     1    2   2   1  3   0.2923773
                                       2                   0.5212085

             2  2             1  2     1            1  3  -0.5212085
                                       2                   0.2923773

     2   2   1  2     1   1   1  2     1    2   2   1  4  -0.3560532
                                       2                  -0.0855993

             2  2             1  2     1            1  4  -0.1997317
                                       2                   0.1525942

     2   2   1  3     1   1   1  2     1    2   2   1  2  -0.3459455
                                       2                  -0.6167023

             1  3             1  2     1            2  2   0.6167023
                                       2                  -0.3459455

     2   2   1  3     1   1   1  2     1    2   2   1  3   0.0000000
                                       2                  -0.2314550

     2   2   1  3     1   1   1  2     1    2   2   1  4  -0.4564355
                                       2                  -0.0000000

     2   2   1  4     1   1   1  2     1    2   2   1  2  -0.4776955
                                       2                  -0.1148435

             1  4             1  2     1            2  2  -0.2679683
                                       2                   0.2047267

     2   2   1  4     1   1   1  2     1    2   2   1  3   0.5175492
                                       2                   0.0000000

     2   2   1  4     1   1   1  2     1    2   2   1  4  -0.0000000
                                       2                  -0.8375742

