 ((lm1 mu1)al1 L1; (lm2 mu2)al2 L2 || rh (lm3 mu3)al3 L3)
     8   0   1  0     1   1   1  2     1    8   0   1  2  -0.4472136

     8   0   1  2     1   1   1  2     1    8   0   1  0  -1.0000000

     8   0   1  2     1   1   1  2     1    8   0   1  2   0.5413127

     8   0   1  2     1   1   1  2     1    8   0   1  4  -0.5032363

     8   0   1  4     1   1   1  2     1    8   0   1  2  -0.6751623

     8   0   1  4     1   1   1  2     1    8   0   1  4   0.5161214

     8   0   1  4     1   1   1  2     1    8   0   1  6  -0.4632042

     8   0   1  6     1   1   1  2     1    8   0   1  4  -0.5567022

     8   0   1  6     1   1   1  2     1    8   0   1  6   0.5109342

     8   0   1  6     1   1   1  2     1    8   0   1  8  -0.3567530

     8   0   1  8     1   1   1  2     1    8   0   1  6  -0.4079627

     8   0   1  8     1   1   1  2     1    8   0   1  8   0.5090097

     4   2   1  0     1   1   1  2     1    4   2   1  2  -0.4181526
                                       2                   0.1585825

             1  0             1  2     1            2  2  -0.1585825
                                       2                  -0.4181526

     4   2   1  2     1   1   1  2     1    4   2   1  0  -0.9350176
                                       2                   0.3546012

             2  2             1  2     1            1  0  -0.3546012
                                       2                  -0.9350176

     4   2   1  2     1   1   1  2     1    4   2   1  2   0.5080186
                                       2                  -0.2111559

             1  2             1  2     1            2  2  -0.2039769
                                       2                  -0.4890888

             2  2             1  2     1            1  2  -0.2039769
                                       2                  -0.4890888

             2  2             1  2     1            2  2  -0.5080186
                                       2                   0.1540627

     4   2   1  2     1   1   1  2     1    4   2   1  3   0.2119147
                                       2                   0.5587799

             2  2             1  2     1            1  3  -0.5587799
                                       2                   0.2119147

     4   2   1  2     1   1   1  2     1    4   2   1  4  -0.4332793
                                       2                   0.1314220

             1  2             1  2     1            2  4  -0.1221252
                                       2                  -0.2870247

             2  2             1  2     1            1  4  -0.0501531
                                       2                  -0.0455007

             2  2             1  2     1            2  4  -0.2745496
                                       2                   0.1550196

     4   2   1  3     1   1   1  2     1    4   2   1  2  -0.2507409
                                       2                  -0.6611573

             1  3             1  2     1            2  2   0.6611573
                                       2                  -0.2507409

     4   2   1  3     1   1   1  2     1    4   2   1  3   0.0000000
                                       2                  -0.1378933

     4   2   1  3     1   1   1  2     1    4   2   1  4  -0.1555244
                                       2                  -0.2522721

             1  3             1  2     1            2  4  -0.4604824
                                       2                   0.1182795

     4   2   1  3     1   1   1  2     1    4   2   1  5  -0.3021661
                                       2                   0.1649672

     4   2   1  4     1   1   1  2     1    4   2   1  2  -0.5813051
                                       2                   0.1763211

             1  4             1  2     1            2  2  -0.0672875
                                       2                  -0.0610456

             2  4             1  2     1            1  2  -0.1638481
                                       2                  -0.3850840

             2  4             1  2     1            2  2  -0.3683469
                                       2                   0.2079807

     4   2   1  4     1   1   1  2     1    4   2   1  3   0.1763481
                                       2                   0.2860497

             2  4             1  2     1            1  3   0.5221380
                                       2                  -0.1341164

     4   2   1  4     1   1   1  2     1    4   2   1  4   0.4654280
                                       2                  -0.2352159

             1  4             1  2     1            2  4  -0.2279237
                                       2                  -0.5453173

             2  4             1  2     1            1  4  -0.2279237
                                       2                  -0.5453173

             2  4             1  2     1            2  4   0.2183768
                                       2                  -0.2052445

     4   2   1  4     1   1   1  2     1    4   2   1  5   0.1954688
                                       2                   0.5010874

             2  4             1  2     1            1  5  -0.3907698
                                       2                  -0.0160699

     4   2   1  4     1   1   1  2     1    4   2   1  6  -0.3159686
                                       2                  -0.0938970

             2  4             1  2     1            1  6  -0.2430167
                                       2                   0.1020027

     4   2   1  5     1   1   1  2     1    4   2   1  3  -0.3787852
                                       2                   0.2067973

     4   2   1  5     1   1   1  2     1    4   2   1  4  -0.2160988
                                       2                  -0.5539729

             1  5             1  2     1            2  4   0.4320123
                                       2                   0.0177660

     4   2   1  5     1   1   1  2     1    4   2   1  5   0.2911745
                                       2                  -0.2995904

     4   2   1  5     1   1   1  2     1    4   2   1  6  -0.3489114
                                       2                  -0.2307832

     4   2   1  6     1   1   1  2     1    4   2   1  4  -0.3797470
                                       2                  -0.1128502

             1  6             1  2     1            2  4  -0.2920697
                                       2                   0.1225919

     4   2   1  6     1   1   1  2     1    4   2   1  5   0.3793066
                                       2                   0.2508878

     4   2   1  6     1   1   1  2     1    4   2   1  6   0.1859704
                                       2                  -0.8200523

     2   0   1  0     1   1   1  2     1    2   0   1  2  -0.4472136

     2   0   1  2     1   1   1  2     1    2   0   1  0  -1.0000000

     2   0   1  2     1   1   1  2     1    2   0   1  2   0.5916080

     0   4   1  0     1   1   1  2     1    0   4   1  2  -0.4472136

     0   4   1  2     1   1   1  2     1    0   4   1  0  -1.0000000

     0   4   1  2     1   1   1  2     1    0   4   1  2  -0.5555839

     0   4   1  2     1   1   1  2     1    0   4   1  4  -0.4285714

     0   4   1  4     1   1   1  2     1    0   4   1  2  -0.5749889

     0   4   1  4     1   1   1  2     1    0   4   1  4  -0.5297285

