 ((lm1 mu1)al1 L1; (lm2 mu2)al2 L2 || rh (lm3 mu3)al3 L3)
    10   0   1  0     1   1   1  2     1   10   0   1  2  -0.4472136

    10   0   1  2     1   1   1  2     1   10   0   1  0  -1.0000000

    10   0   1  2     1   1   1  2     1   10   0   1  2   0.5391283

    10   0   1  2     1   1   1  2     1   10   0   1  4  -0.5135526

    10   0   1  4     1   1   1  2     1   10   0   1  2  -0.6890031

    10   0   1  4     1   1   1  2     1   10   0   1  4   0.5140387

    10   0   1  4     1   1   1  2     1   10   0   1  6  -0.4968973

    10   0   1  6     1   1   1  2     1   10   0   1  4  -0.5971962

    10   0   1  6     1   1   1  2     1   10   0   1  6   0.5088723

    10   0   1  6     1   1   1  2     1   10   0   1  8  -0.4388385

    10   0   1  8     1   1   1  2     1   10   0   1  6  -0.5018310

    10   0   1  8     1   1   1  2     1   10   0   1  8   0.5069557

    10   0   1  8     1   1   1  2     1   10   0   1 10  -0.3306233

    10   0   1 10     1   1   1  2     1   10   0   1  8  -0.3674672

    10   0   1 10     1   1   1  2     1   10   0   1 10   0.5060364

     6   2   1  0     1   1   1  2     1    6   2   1  2  -0.4297511
                                       2                   0.1237497

             1  0             1  2     1            2  2  -0.1237497
                                       2                  -0.4297511

     6   2   1  2     1   1   1  2     1    6   2   1  0  -0.9609527
                                       2                   0.2767128

             2  2             1  2     1            1  0  -0.2767128
                                       2                  -0.9609527

     6   2   1  2     1   1   1  2     1    6   2   1  2   0.5193221
                                       2                  -0.1596226

             1  2             1  2     1            2  2  -0.1564530
                                       2                  -0.5083147

             2  2             1  2     1            1  2  -0.1564530
                                       2                  -0.5083147

             2  2             1  2     1            2  2  -0.5193221
                                       2                   0.1182274

     6   2   1  2     1   1   1  2     1    6   2   1  3   0.1653675
                                       2                   0.5742791

             2  2             1  2     1            1  3  -0.5742791
                                       2                   0.1653675

     6   2   1  2     1   1   1  2     1    6   2   1  4  -0.4761132
                                       2                   0.1231950

             1  2             1  2     1            2  4  -0.0931391
                                       2                  -0.3146527

             2  2             1  2     1            1  4  -0.0333935
                                       2                  -0.0676784

             2  2             1  2     1            2  4  -0.3051232
                                       2                   0.1262327

     6   2   1  3     1   1   1  2     1    6   2   1  2  -0.1956655
                                       2                  -0.6794961

             1  3             1  2     1            2  2   0.6794961
                                       2                  -0.1956655

     6   2   1  3     1   1   1  2     1    6   2   1  3  -0.0000000
                                       2                  -0.0999790

     6   2   1  3     1   1   1  2     1    6   2   1  4  -0.1108406
                                       2                  -0.2917953

             1  3             1  2     1            2  4  -0.4857571
                                       2                   0.0996711

     6   2   1  3     1   1   1  2     1    6   2   1  5  -0.3614167
                                       2                   0.1455470

     6   2   1  4     1   1   1  2     1    6   2   1  2  -0.6387728
                                       2                   0.1652834

             1  4             1  2     1            2  2  -0.0448021
                                       2                  -0.0908001

             2  4             1  2     1            1  2  -0.1249593
                                       2                  -0.4221509

             2  4             1  2     1            2  2  -0.4093657
                                       2                   0.1693590

     6   2   1  4     1   1   1  2     1    6   2   1  3   0.1256814
                                       2                   0.3308648

             2  4             1  2     1            1  3   0.5507968
                                       2                  -0.1130164

     6   2   1  4     1   1   1  2     1    6   2   1  4   0.4880095
                                       2                  -0.1712911

             1  4             1  2     1            2  4  -0.1739499
                                       2                  -0.5648007

             2  4             1  2     1            1  4  -0.1739499
                                       2                  -0.5648007

             2  4             1  2     1            2  4   0.2076709
                                       2                  -0.1575463

     6   2   1  4     1   1   1  2     1    6   2   1  5   0.1525690
                                       2                   0.5306136

             2  4             1  2     1            1  5  -0.4094286
                                       2                   0.0099497

     6   2   1  4     1   1   1  2     1    6   2   1  6  -0.4193052
                                       2                   0.0754811

             1  4             1  2     1            2  6  -0.0901056
                                       2                  -0.2392555

             2  4             1  2     1            1  6  -0.0712106
                                       2                  -0.0718050

             2  4             1  2     1            2  6  -0.3523246
                                       2                   0.1519592

     6   2   1  5     1   1   1  2     1    6   2   1  3  -0.4530598
                                       2                   0.1824528

     6   2   1  5     1   1   1  2     1    6   2   1  4  -0.1686713
                                       2                  -0.5866155

             1  5             1  2     1            2  4   0.4526404
                                       2                  -0.0109998

     6   2   1  5     1   1   1  2     1    6   2   1  5   0.2962314
                                       2                  -0.2212550

     6   2   1  5     1   1   1  2     1    6   2   1  6  -0.1468412
                                       2                  -0.3159253

             1  5             1  2     1            2  6  -0.3280934
                                       2                  -0.0304737

     6   2   1  5     1   1   1  2     1    6   2   1  7  -0.3226553
                                       2                   0.1299373

     6   2   1  6     1   1   1  2     1    6   2   1  4  -0.5039422
                                       2                   0.0907170

             1  6             1  2     1            2  4  -0.0855845
                                       2                  -0.0862989

             2  6             1  2     1            1  4  -0.1082934
                                       2                  -0.2875494

             2  6             1  2     1            2  4  -0.4234415
                                       2                   0.1826322

     6   2   1  6     1   1   1  2     1    6   2   1  5   0.1596332
                                       2                   0.3434470

             2  6             1  2     1            1  5   0.3566752
                                       2                   0.0331284

     6   2   1  6     1   1   1  2     1    6   2   1  6   0.4669932
                                       2                  -0.2126342

             1  6             1  2     1            2  6  -0.1777365
                                       2                  -0.5767540

             2  6             1  2     1            1  6  -0.1777365
                                       2                  -0.5767540

             2  6             1  2     1            2  6   0.3762988
                                       2                  -0.1772056

     6   2   1  6     1   1   1  2     1    6   2   1  7   0.1463463
                                       2                   0.4800356

             2  6             1  2     1            1  7  -0.2947090
                                       2                  -0.1407441

     6   2   1  6     1   1   1  2     1    6   2   1  8  -0.2882996
                                       2                  -0.0955011

             2  6             1  2     1            1  8  -0.2350089
                                       2                   0.0619062

     6   2   1  7     1   1   1  2     1    6   2   1  5  -0.3767802
                                       2                   0.1517341

     6   2   1  7     1   1   1  2     1    6   2   1  6  -0.1572012
                                       2                  -0.5156409

             1  7             1  2     1            2  6   0.3165683
                                       2                   0.1511834

     6   2   1  7     1   1   1  2     1    6   2   1  7   0.3856334
                                       2                  -0.2578634

     6   2   1  7     1   1   1  2     1    6   2   1  8  -0.2759127
                                       2                  -0.3235363

     6   2   1  8     1   1   1  2     1    6   2   1  6  -0.3296832
                                       2                  -0.1092097

             1  8             1  2     1            2  6  -0.2687430
                                       2                   0.0707925

     6   2   1  8     1   1   1  2     1    6   2   1  7   0.2937315
                                       2                   0.3444307

     6   2   1  8     1   1   1  2     1    6   2   1  8   0.2738613
                                       2                  -0.7882302

     4   0   1  0     1   1   1  2     1    4   0   1  2  -0.4472136

     4   0   1  2     1   1   1  2     1    4   0   1  0  -1.0000000

     4   0   1  2     1   1   1  2     1    4   0   1  2   0.5555839

     4   0   1  2     1   1   1  2     1    4   0   1  4  -0.4285714

     4   0   1  4     1   1   1  2     1    4   0   1  2  -0.5749889

     4   0   1  4     1   1   1  2     1    4   0   1  4   0.5297285

     2   4   1  0     1   1   1  2     1    2   4   1  2  -0.3523820
                                       2                   0.2753669

             1  0             1  2     1            2  2  -0.2753669
                                       2                  -0.3523820

     2   4   1  2     1   1   1  2     1    2   4   1  0  -0.7879501
                                       2                   0.6157390

             2  2             1  2     1            1  0  -0.6157390
                                       2                  -0.7879501

     2   4   1  2     1   1   1  2     1    2   4   1  2   0.4158130
                                       2                  -0.3777204

             1  2             1  2     1            2  2  -0.3560744
                                       2                  -0.3881130

             2  2             1  2     1            1  2  -0.3560744
                                       2                  -0.3881130

             2  2             1  2     1            2  2  -0.4158130
                                       2                   0.3206271

     2   4   1  2     1   1   1  2     1    2   4   1  3   0.3679745
                                       2                   0.4708903

             2  2             1  2     1            1  3  -0.4708903
                                       2                   0.3679745

     2   4   1  2     1   1   1  2     1    2   4   1  4  -0.3999571
                                       2                  -0.0091464

             1  2             1  2     1            2  4   0.0211586
                                       2                  -0.0321509

             2  2             1  2     1            1  4  -0.2164948
                                       2                   0.1346171

             2  2             1  2     1            2  4  -0.2706564
                                       2                  -0.3263698

     2   4   1  3     1   1   1  2     1    2   4   1  2  -0.4353933
                                       2                  -0.5571649

             1  3             1  2     1            2  2   0.5571649
                                       2                  -0.4353933

     2   4   1  3     1   1   1  2     1    2   4   1  3  -0.0000000
                                       2                  -0.1378933

     2   4   1  3     1   1   1  2     1    2   4   1  4  -0.4358349
                                       2                   0.0944401

             1  3             1  2     1            2  4   0.2151275
                                       2                   0.2621304

     2   4   1  3     1   1   1  2     1    2   4   1  5  -0.3021661
                                       2                  -0.1649672

     2   4   1  4     1   1   1  2     1    2   4   1  2  -0.5365988
                                       2                  -0.0122712

             1  4             1  2     1            2  2  -0.2904583
                                       2                   0.1806077

             2  4             1  2     1            1  2   0.0283872
                                       2                  -0.0431350

             2  4             1  2     1            2  2  -0.3631237
                                       2                  -0.4378710

     2   4   1  4     1   1   1  2     1    2   4   1  3   0.4941903
                                       2                  -0.1070850

             2  4             1  2     1            1  3  -0.2439317
                                       2                  -0.2972279

     2   4   1  4     1   1   1  2     1    2   4   1  4  -0.1136899
                                       2                  -0.7655109

             1  4             1  2     1            2  4  -0.1229913
                                       2                  -0.0162632

             2  4             1  2     1            1  4  -0.1229913
                                       2                  -0.0162632

             2  4             1  2     1            2  4  -0.5701148
                                       2                   0.3250505

     2   4   1  4     1   1   1  2     1    2   4   1  5   0.1385842
                                       2                   0.3425306

             2  4             1  2     1            1  5  -0.4143712
                                       2                   0.3660869

     2   4   1  4     1   1   1  2     1    2   4   1  6  -0.3952016
                                       2                  -0.0058938

             2  4             1  2     1            1  6  -0.0520478
                                       2                   0.1385152

     2   4   1  5     1   1   1  2     1    2   4   1  3  -0.3787852
                                       2                  -0.2067973

     2   4   1  5     1   1   1  2     1    2   4   1  4  -0.1532106
                                       2                  -0.3786818

             1  5             1  2     1            2  4   0.4581046
                                       2                  -0.4047243

     2   4   1  5     1   1   1  2     1    2   4   1  5  -0.2911745
                                       2                  -0.2995904

     2   4   1  5     1   1   1  2     1    2   4   1  6  -0.3489114
                                       2                   0.2307832

     2   4   1  6     1   1   1  2     1    2   4   1  4  -0.4749732
                                       2                  -0.0070835

             1  6             1  2     1            2  4  -0.0625536
                                       2                   0.1664746

     2   4   1  6     1   1   1  2     1    2   4   1  5   0.3793066
                                       2                  -0.2508878

     2   4   1  6     1   1   1  2     1    2   4   1  6  -0.1859704
                                       2                  -0.8200523

     0   2   1  0     1   1   1  2     1    0   2   1  2  -0.4472136

     0   2   1  2     1   1   1  2     1    0   2   1  0  -1.0000000

     0   2   1  2     1   1   1  2     1    0   2   1  2  -0.5916080

