 ((lm1 mu1)al1 L1; (lm2 mu2)al2 L2 || rh (lm3 mu3)al3 L3)
    12   0   1  0     1   1   1  2     1   12   0   1  2  -0.4472136

    12   0   1  2     1   1   1  2     1   12   0   1  0  -1.0000000

    12   0   1  2     1   1   1  2     1   12   0   1  2   0.5378529

    12   0   1  2     1   1   1  2     1   12   0   1  4  -0.5194625

    12   0   1  4     1   1   1  2     1   12   0   1  2  -0.6969321

    12   0   1  4     1   1   1  2     1   12   0   1  4   0.5128226

    12   0   1  4     1   1   1  2     1   12   0   1  6  -0.5154942

    12   0   1  6     1   1   1  2     1   12   0   1  4  -0.6195469

    12   0   1  6     1   1   1  2     1   12   0   1  6   0.5076685

    12   0   1  6     1   1   1  2     1   12   0   1  8  -0.4801960

    12   0   1  8     1   1   1  2     1   12   0   1  6  -0.5491252

    12   0   1  8     1   1   1  2     1   12   0   1  8   0.5057563

    12   0   1  8     1   1   1  2     1   12   0   1 10  -0.4158513

    12   0   1 10     1   1   1  2     1   12   0   1  8  -0.4621929

    12   0   1 10     1   1   1  2     1   12   0   1 10   0.5048393

    12   0   1 10     1   1   1  2     1   12   0   1 12  -0.3092769

    12   0   1 12     1   1   1  2     1   12   0   1 10  -0.3374487

    12   0   1 12     1   1   1  2     1   12   0   1 12   0.5043291

     8   2   1  0     1   1   1  2     1    8   2   1  2  -0.4355964
                                       2                   0.1012708

             1  0             1  2     1            2  2  -0.1012708
                                       2                  -0.4355964

     8   2   1  2     1   1   1  2     1    8   2   1  0  -0.9740231
                                       2                   0.2264485

             2  2             1  2     1            1  0  -0.2264485
                                       2                  -0.9740231

     8   2   1  2     1   1   1  2     1    8   2   1  2   0.5246925
                                       2                  -0.1283687

             1  2             1  2     1            2  2  -0.1266932
                                       2                  -0.5174854

             2  2             1  2     1            1  2  -0.1266932
                                       2                  -0.5174854

             2  2             1  2     1            2  2  -0.5246925
                                       2                   0.0956933

     8   2   1  2     1   1   1  2     1    8   2   1  3   0.1353289
                                       2                   0.5820902

             2  2             1  2     1            1  3  -0.5820902
                                       2                   0.1353289

     8   2   1  2     1   1   1  2     1    8   2   1  4  -0.4963381
                                       2                   0.1078206

             1  2             1  2     1            2  4  -0.0758526
                                       2                  -0.3258952

             2  2             1  2     1            1  4  -0.0252820
                                       2                  -0.0761765

             2  2             1  2     1            2  4  -0.3192057
                                       2                   0.1046264

     8   2   1  3     1   1   1  2     1    8   2   1  2  -0.1601233
                                       2                  -0.6887384

             1  3             1  2     1            2  2   0.6887384
                                       2                  -0.1601233

     8   2   1  3     1   1   1  2     1    8   2   1  3   0.0000000
                                       2                  -0.0789186

     8   2   1  3     1   1   1  2     1    8   2   1  4  -0.0867388
                                       2                  -0.3077188

             1  3             1  2     1            2  4  -0.4968524
                                       2                   0.0834383

     8   2   1  3     1   1   1  2     1    8   2   1  5  -0.3882238
                                       2                   0.1244723

     8   2   1  4     1   1   1  2     1    8   2   1  2  -0.6659075
                                       2                   0.1446566

             1  4             1  2     1            2  2  -0.0339194
                                       2                  -0.1022015

             2  4             1  2     1            1  2  -0.1017669
                                       2                  -0.4372343

             2  4             1  2     1            2  2  -0.4282594
                                       2                   0.1403710

     8   2   1  4     1   1   1  2     1    8   2   1  3   0.0983525
                                       2                   0.3489203

             2  4             1  2     1            1  3   0.5633777
                                       2                  -0.0946102

     8   2   1  4     1   1   1  2     1    8   2   1  4   0.4967455
                                       2                  -0.1348280

             1  4             1  2     1            2  4  -0.1406179
                                       2                  -0.5742134

             2  4             1  2     1            1  4  -0.1406179
                                       2                  -0.5742134

             2  4             1  2     1            2  4   0.2049271
                                       2                  -0.1285665

     8   2   1  4     1   1   1  2     1    8   2   1  5   0.1250918
                                       2                   0.5428797

             2  4             1  2     1            1  5  -0.4186420
                                       2                   0.0160054

     8   2   1  4     1   1   1  2     1    8   2   1  6  -0.4715549
                                       2                   0.0862636

             1  4             1  2     1            2  6  -0.0699093
                                       2                  -0.2702830

             2  4             1  2     1            1  6  -0.0486994
                                       2                  -0.1034038

             2  4             1  2     1            2  6  -0.4029311
                                       2                   0.1367929

     8   2   1  5     1   1   1  2     1    8   2   1  3  -0.4866643
                                       2                   0.1560343

     8   2   1  5     1   1   1  2     1    8   2   1  4  -0.1382942
                                       2                  -0.6001761

             1  5             1  2     1            2  4   0.4628261
                                       2                  -0.0176946

     8   2   1  5     1   1   1  2     1    8   2   1  5   0.2987830
                                       2                  -0.1762773

     8   2   1  5     1   1   1  2     1    8   2   1  6  -0.1097742
                                       2                  -0.3470511

             1  5             1  2     1            2  6  -0.3478139
                                       2                  -0.0160231

     8   2   1  5     1   1   1  2     1    8   2   1  7  -0.3966313
                                       2                   0.1271679

     8   2   1  6     1   1   1  2     1    8   2   1  4  -0.5667385
                                       2                   0.1036759

             1  6             1  2     1            2  4  -0.0585294
                                       2                  -0.1242759

             2  6             1  2     1            1  4  -0.0840205
                                       2                  -0.3248397

             2  6             1  2     1            2  4  -0.4842629
                                       2                   0.1644046

     8   2   1  6     1   1   1  2     1    8   2   1  5   0.1193372
                                       2                   0.3772843

             2  6             1  2     1            1  5   0.3781135
                                       2                   0.0174190

     8   2   1  6     1   1   1  2     1    8   2   1  6   0.4849946
                                       2                  -0.1572828

             1  6             1  2     1            2  6  -0.1435151
                                       2                  -0.5858666

             2  6             1  2     1            1  6  -0.1435151
                                       2                  -0.5858666

             2  6             1  2     1            2  6   0.3655611
                                       2                  -0.1550760

     8   2   1  6     1   1   1  2     1    8   2   1  7   0.1197451
                                       2                   0.5098327

             2  6             1  2     1            1  7  -0.3058690
                                       2                  -0.0916227

     8   2   1  6     1   1   1  2     1    8   2   1  8  -0.3982782
                                       2                   0.0417922

             1  6             1  2     1            2  8  -0.0737032
                                       2                  -0.2095263

             2  6             1  2     1            1  8  -0.0753293
                                       2                  -0.0816869

             2  6             1  2     1            2  8  -0.3561462
                                       2                   0.1273193

     8   2   1  7     1   1   1  2     1    8   2   1  5  -0.4631655
                                       2                   0.1485001

     8   2   1  7     1   1   1  2     1    8   2   1  6  -0.1286269
                                       2                  -0.5476481

             1  7             1  2     1            2  6   0.3285560
                                       2                   0.0984185

     8   2   1  7     1   1   1  2     1    8   2   1  7   0.3889550
                                       2                  -0.2056659

     8   2   1  7     1   1   1  2     1    8   2   1  8  -0.1313972
                                       2                  -0.3489182

             1  7             1  2     1            2  8  -0.2479876
                                       2                  -0.0983068

     8   2   1  7     1   1   1  2     1    8   2   1  9  -0.3151654
                                       2                   0.1010483

     8   2   1  8     1   1   1  2     1    8   2   1  6  -0.4554485
                                       2                   0.0477912

             1  8             1  2     1            2  6  -0.0861424
                                       2                  -0.0934126

             2  8             1  2     1            1  6  -0.0842828
                                       2                  -0.2396025

             2  8             1  2     1            2  6  -0.4072688
                                       2                   0.1455951

     8   2   1  8     1   1   1  2     1    8   2   1  7   0.1398830
                                       2                   0.3714518

             2  8             1  2     1            1  7   0.2640030
                                       2                   0.1046555

     8   2   1  8     1   1   1  2     1    8   2   1  8   0.4695583
                                       2                  -0.2046370

             1  8             1  2     1            2  8  -0.1442786
                                       2                  -0.5890827

             2  8             1  2     1            1  8  -0.1442786
                                       2                  -0.5890827

             2  8             1  2     1            2  8   0.4366377
                                       2                  -0.1260215

     8   2   1  8     1   1   1  2     1    8   2   1  9   0.1167677
                                       2                   0.4622520

             2  8             1  2     1            1  9  -0.2343605
                                       2                  -0.2039183

     8   2   1  8     1   1   1  2     1    8   2   1 10  -0.2672237
                                       2                  -0.0945013

             2  8             1  2     1            1 10  -0.2198196
                                       2                   0.0372805

     8   2   1  9     1   1   1  2     1    8   2   1  7  -0.3547069
                                       2                   0.1137261

     8   2   1  9     1   1   1  2     1    8   2   1  8  -0.1234455
                                       2                  -0.4886874

             1  9             1  2     1            2  8   0.2477632
                                       2                   0.2155801

     8   2   1  9     1   1   1  2     1    8   2   1  9   0.4279333
                                       2                  -0.2183705

     8   2   1  9     1   1   1  2     1    8   2   1 10  -0.2268523
                                       2                  -0.3714599

     8   2   1 10     1   1   1  2     1    8   2   1  8  -0.2970025
                                       2                  -0.1050323

             1 10             1  2     1            2  8  -0.2443158
                                       2                   0.0414350

     8   2   1 10     1   1   1  2     1    8   2   1  9   0.2384933
                                       2                   0.3905214

     8   2   1 10     1   1   1  2     1    8   2   1 10   0.3242293
                                       2                  -0.7623324

     6   0   1  0     1   1   1  2     1    6   0   1  2  -0.4472136

     6   0   1  2     1   1   1  2     1    6   0   1  0  -1.0000000

     6   0   1  2     1   1   1  2     1    6   0   1  2   0.5455447

     6   0   1  2     1   1   1  2     1    6   0   1  4  -0.4824979

     6   0   1  4     1   1   1  2     1    6   0   1  2  -0.6473389

     6   0   1  4     1   1   1  2     1    6   0   1  4   0.5201565

     6   0   1  4     1   1   1  2     1    6   0   1  6  -0.3892495

     6   0   1  6     1   1   1  2     1    6   0   1  4  -0.4678196

     6   0   1  6     1   1   1  2     1    6   0   1  6   0.5149287

     4   4   1  0     1   1   1  2     1    4   4   1  2  -0.3889459
                                       2                   0.2207285

             1  0             1  2     1            2  2  -0.2207285
                                       2                  -0.3889459

     4   4   1  2     1   1   1  2     1    4   4   1  0  -0.8697095
                                       2                   0.4935639

             2  2             1  2     1            1  0  -0.4935639
                                       2                  -0.8697095

     4   4   1  2     1   1   1  2     1    4   4   1  2   0.4660104
                                       2                  -0.2863613

             1  2             1  2     1            2  2  -0.2783473
                                       2                  -0.4518888

             2  2             1  2     1            1  2  -0.2783473
                                       2                  -0.4518888

             2  2             1  2     1            2  2  -0.4660104
                                       2                   0.2534637

     4   4   1  2     1   1   1  2     1    4   4   1  3   0.2949608
                                       2                   0.5197509

             2  2             1  2     1            1  3  -0.5197509
                                       2                   0.2949608

     4   4   1  2     1   1   1  2     1    4   4   1  4  -0.4197617
                                       2                   0.1966921

             1  2             1  2     1            2  4  -0.1709697
                                       2                  -0.2637334

             1  2             1  2     1            3  4   0.0006111
                                       2                  -0.0023391

             2  2             1  2     1            1  4  -0.0627381
                                       2                  -0.0373806

             2  2             1  2     1            2  4  -0.2651843
                                       2                   0.1684129

             2  2             1  2     1            3  4  -0.2137924
                                       2                  -0.3732131

     4   4   1  3     1   1   1  2     1    4   4   1  2  -0.3490024
                                       2                  -0.6149775

             1  3             1  2     1            2  2   0.6149775
                                       2                  -0.3490024

     4   4   1  3     1   1   1  2     1    4   4   1  3  -0.0000000
                                       2                  -0.0794552

     4   4   1  3     1   1   1  2     1    4   4   1  4  -0.2024811
                                       2                  -0.2249262

             1  3             1  2     1            2  4  -0.4226898
                                       2                   0.2155433

             1  3             1  2     1            3  4   0.1660029
                                       2                   0.2744811

     4   4   1  3     1   1   1  2     1    4   4   1  5  -0.3089572
                                       2                   0.1710176

             1  3             1  2     1            2  5  -0.1783765
                                       2                  -0.2962112

     4   4   1  4     1   1   1  2     1    4   4   1  2  -0.5631694
                                       2                   0.2638902

             1  4             1  2     1            2  2  -0.0841720
                                       2                  -0.0501513

             2  4             1  2     1            1  2  -0.2293799
                                       2                  -0.3538354

             2  4             1  2     1            2  2  -0.3557821
                                       2                   0.2259497

             3  4             1  2     1            1  2   0.0008198
                                       2                  -0.0031383

             3  4             1  2     1            2  2  -0.2868326
                                       2                  -0.5007179

     4   4   1  4     1   1   1  2     1    4   4   1  3   0.2295920
                                       2                   0.2550424

             2  4             1  2     1            1  3   0.4792852
                                       2                  -0.2444031

             3  4             1  2     1            1  3  -0.1882296
                                       2                  -0.3112323

     4   4   1  4     1   1   1  2     1    4   4   1  4   0.4170461
                                       2                  -0.3014814

             1  4             1  2     1            2  4  -0.3090739
                                       2                  -0.5015401

             1  4             1  2     1            3  4   0.0022032
                                       2                  -0.0048564

             2  4             1  2     1            1  4  -0.3090739
                                       2                  -0.5015401

             2  4             1  2     1            2  4   0.2093842
                                       2                  -0.1690442

             2  4             1  2     1            3  4  -0.1126414
                                       2                  -0.1329202

             3  4             1  2     1            1  4   0.0022032
                                       2                  -0.0048564

             3  4             1  2     1            2  4  -0.1126414
                                       2                  -0.1329202

             3  4             1  2     1            3  4  -0.6264303
                                       2                   0.2854625

     4   4   1  4     1   1   1  2     1    4   4   1  5   0.2747266
                                       2                   0.4678624

             1  4             1  2     1            2  5  -0.0024422
                                       2                   0.0080795

             2  4             1  2     1            1  5  -0.3669757
                                       2                   0.1061318

             2  4             1  2     1            2  5   0.1819703
                                       2                   0.3123850

             3  4             1  2     1            1  5  -0.0590806
                                       2                  -0.0167815

             3  4             1  2     1            2  5  -0.4753648
                                       2                   0.3100839

     4   4   1  4     1   1   1  2     1    4   4   1  6  -0.3779171
                                       2                  -0.0340676

             1  4             1  2     1            2  6   0.0417807
                                       2                  -0.0395759

             2  4             1  2     1            1  6  -0.2818785
                                       2                   0.0833297

             2  4             1  2     1            2  6  -0.1696064
                                       2                  -0.2140003

             3  4             1  2     1            1  6  -0.0247278
                                       2                   0.0194399

             3  4             1  2     1            2  6  -0.1487421
                                       2                   0.1583106

     4   4   1  5     1   1   1  2     1    4   4   1  3  -0.3872983
                                       2                   0.2143819

             2  5             1  2     1            1  3  -0.2236068
                                       2                  -0.3713203

     4   4   1  5     1   1   1  2     1    4   4   1  4  -0.3037217
                                       2                  -0.5172413

             1  5             1  2     1            2  4   0.4057069
                                       2                  -0.1173331

             1  5             1  2     1            3  4   0.0653160
                                       2                   0.0185527

             2  5             1  2     1            1  4   0.0026999
                                       2                  -0.0089323

             2  5             1  2     1            2  4  -0.2011758
                                       2                  -0.3453546

             2  5             1  2     1            3  4   0.5255356
                                       2                  -0.3428106

     4   4   1  5     1   1   1  2     1    4   4   1  5   0.2561738
                                       2                  -0.2649016

             1  5             1  2     1            2  5  -0.1479020
                                       2                  -0.1727334

             2  5             1  2     1            1  5  -0.1479020
                                       2                  -0.1727334

             2  5             1  2     1            2  5  -0.2561738
                                       2                  -0.0654463

     4   4   1  5     1   1   1  2     1    4   4   1  6  -0.3555991
                                       2                  -0.0987576

             1  5             1  2     1            2  6   0.1930947
                                       2                   0.3568051

             2  5             1  2     1            1  6  -0.0871347
                                       2                   0.0028531

             2  5             1  2     1            2  6  -0.4758923
                                       2                   0.2180466

     4   4   1  5     1   1   1  2     1    4   4   1  7  -0.2672612
                                       2                  -0.1024183

             2  5             1  2     1            1  7  -0.1543033
                                       2                   0.1773937

     4   4   1  6     1   1   1  2     1    4   4   1  4  -0.4541998
                                       2                  -0.0409442

             1  6             1  2     1            2  4  -0.3387758
                                       2                   0.1001499

             1  6             1  2     1            3  4  -0.0297191
                                       2                   0.0233638

             2  6             1  2     1            1  4   0.0502142
                                       2                  -0.0475643

             2  6             1  2     1            2  4  -0.2038415
                                       2                  -0.2571963

             2  6             1  2     1            3  4  -0.1787658
                                       2                   0.1902657

     4   4   1  6     1   1   1  2     1    4   4   1  5   0.3865769
                                       2                   0.1073608

             1  6             1  2     1            2  5   0.0947254
                                       2                  -0.0031017

             2  6             1  2     1            1  5  -0.2099161
                                       2                  -0.3878880

             2  6             1  2     1            2  5   0.5173495
                                       2                  -0.2370416

     4   4   1  6     1   1   1  2     1    4   4   1  6   0.0504889
                                       2                  -0.8096455

             1  6             1  2     1            2  6  -0.1204007
                                       2                  -0.1097878

             2  6             1  2     1            1  6  -0.1204007
                                       2                  -0.1097878

             2  6             1  2     1            2  6  -0.0504889
                                       2                  -0.2860242

     4   4   1  6     1   1   1  2     1    4   4   1  7   0.0882048
                                       2                   0.3351661

             2  6             1  2     1            1  7  -0.4384289
                                       2                   0.0674300

     4   4   1  6     1   1   1  2     1    4   4   1  8  -0.3705401
                                       2                  -0.0265948

             2  6             1  2     1            1  8  -0.0745467
                                       2                   0.1321913

     4   4   1  7     1   1   1  2     1    4   4   1  5  -0.3120939
                                       2                  -0.1195988

             1  7             1  2     1            2  5  -0.1801875
                                       2                   0.2071512

     4   4   1  7     1   1   1  2     1    4   4   1  6  -0.0947472
                                       2                  -0.3600261

             1  7             1  2     1            2  6   0.4709482
                                       2                  -0.0724315

     4   4   1  7     1   1   1  2     1    4   4   1  7   0.0000000
                                       2                  -0.5642974

     4   4   1  7     1   1   1  2     1    4   4   1  8  -0.3273268
                                       2                  -0.0000000

     4   4   1  8     1   1   1  2     1    4   4   1  6  -0.4237288
                                       2                  -0.0304123

             1  8             1  2     1            2  6  -0.0852474
                                       2                   0.1511665

     4   4   1  8     1   1   1  2     1    4   4   1  7   0.3484660
                                       2                   0.0000000

     4   4   1  8     1   1   1  2     1    4   4   1  8  -0.0000000
                                       2                  -0.8816307

     2   2   1  0     1   1   1  2     1    2   2   1  2  -0.3900368
                                       2                   0.2187952

             1  0             1  2     1            2  2  -0.2187952
                                       2                  -0.3900368

     2   2   1  2     1   1   1  2     1    2   2   1  0  -0.8721487
                                       2                   0.4892409

             2  2             1  2     1            1  0  -0.4892409
                                       2                  -0.8721487

     2   2   1  2     1   1   1  2     1    2   2   1  2   0.4770548
                                       2                  -0.3143460

             1  2             1  2     1            2  2  -0.2914081
                                       2                  -0.4361644

             2  2             1  2     1            1  2  -0.2914081
                                       2                  -0.4361644

             2  2             1  2     1            2  2  -0.4770548
                                       2                   0.2185146

     2   2   1  2     1   1   1  2     1    2   2   1  3   0.2923773
                                       2                   0.5212085

             2  2             1  2     1            1  3  -0.5212085
                                       2                   0.2923773

     2   2   1  2     1   1   1  2     1    2   2   1  4  -0.3560532
                                       2                  -0.0855993

             2  2             1  2     1            1  4  -0.1997317
                                       2                   0.1525942

     2   2   1  3     1   1   1  2     1    2   2   1  2  -0.3459455
                                       2                  -0.6167023

             1  3             1  2     1            2  2   0.6167023
                                       2                  -0.3459455

     2   2   1  3     1   1   1  2     1    2   2   1  3   0.0000000
                                       2                  -0.2314550

     2   2   1  3     1   1   1  2     1    2   2   1  4  -0.4564355
                                       2                  -0.0000000

     2   2   1  4     1   1   1  2     1    2   2   1  2  -0.4776955
                                       2                  -0.1148435

             1  4             1  2     1            2  2  -0.2679683
                                       2                   0.2047267

     2   2   1  4     1   1   1  2     1    2   2   1  3   0.5175492
                                       2                   0.0000000

     2   2   1  4     1   1   1  2     1    2   2   1  4  -0.0000000
                                       2                  -0.8375742

     0   6   1  0     1   1   1  2     1    0   6   1  2  -0.4472136

     0   6   1  2     1   1   1  2     1    0   6   1  0  -1.0000000

     0   6   1  2     1   1   1  2     1    0   6   1  2  -0.5455447

     0   6   1  2     1   1   1  2     1    0   6   1  4  -0.4824979

     0   6   1  4     1   1   1  2     1    0   6   1  2  -0.6473389

     0   6   1  4     1   1   1  2     1    0   6   1  4  -0.5201565

     0   6   1  4     1   1   1  2     1    0   6   1  6  -0.3892495

     0   6   1  6     1   1   1  2     1    0   6   1  4  -0.4678196

     0   6   1  6     1   1   1  2     1    0   6   1  6  -0.5149287

