 ((lm1 mu1)al1 L1; (lm2 mu2)al2 L2 || rh (lm3 mu3)al3 L3)
    14   0   1  0     1   1   1  2     1   14   0   1  2  -0.4472136

    14   0   1  2     1   1   1  2     1   14   0   1  0  -1.0000000

    14   0   1  2     1   1   1  2     1   14   0   1  2   0.5370432

    14   0   1  2     1   1   1  2     1   14   0   1  4  -0.5231725

    14   0   1  4     1   1   1  2     1   14   0   1  2  -0.7019096

    14   0   1  4     1   1   1  2     1   14   0   1  4   0.5120506

    14   0   1  4     1   1   1  2     1   14   0   1  6  -0.5269379

    14   0   1  6     1   1   1  2     1   14   0   1  4  -0.6333005

    14   0   1  6     1   1   1  2     1   14   0   1  6   0.5069042

    14   0   1  6     1   1   1  2     1   14   0   1  8  -0.5046497

    14   0   1  8     1   1   1  2     1   14   0   1  6  -0.5770890

    14   0   1  8     1   1   1  2     1   14   0   1  8   0.5049950

    14   0   1  8     1   1   1  2     1   14   0   1 10  -0.4617826

    14   0   1 10     1   1   1  2     1   14   0   1  8  -0.5132427

    14   0   1 10     1   1   1  2     1   14   0   1 10   0.5040793

    14   0   1 10     1   1   1  2     1   14   0   1 12  -0.3952957

    14   0   1 12     1   1   1  2     1   14   0   1 10  -0.4313030

    14   0   1 12     1   1   1  2     1   14   0   1 12   0.5035698

    14   0   1 12     1   1   1  2     1   14   0   1 14  -0.2914915

    14   0   1 14     1   1   1  2     1   14   0   1 12  -0.3139460

    14   0   1 14     1   1   1  2     1   14   0   1 14   0.5032574

    10   2   1  0     1   1   1  2     1   10   2   1  2  -0.4389393
                                       2                   0.0856290

             1  0             1  2     1            2  2  -0.0856290
                                       2                  -0.4389393

    10   2   1  2     1   1   1  2     1   10   2   1  0  -0.9814980
                                       2                   0.1914723

             2  2             1  2     1            1  0  -0.1914723
                                       2                  -0.9814980

    10   2   1  2     1   1   1  2     1   10   2   1  2   0.5276546
                                       2                  -0.1073540

             1  2             1  2     1            2  2  -0.1063617
                                       2                  -0.5225679

             2  2             1  2     1            1  2  -0.1063617
                                       2                  -0.5225679

             2  2             1  2     1            2  2  -0.5276546
                                       2                   0.0802874

    10   2   1  2     1   1   1  2     1   10   2   1  3   0.1144266
                                       2                   0.5865573

             2  2             1  2     1            1  3  -0.5865573
                                       2                   0.1144266

    10   2   1  2     1   1   1  2     1   10   2   1  4  -0.5075780
                                       2                   0.0942964

             1  2             1  2     1            2  4  -0.0641202
                                       2                  -0.3317646

             2  2             1  2     1            1  4  -0.0204081
                                       2                  -0.0804039

             2  2             1  2     1            2  4  -0.3269316
                                       2                   0.0888944

    10   2   1  3     1   1   1  2     1   10   2   1  2  -0.1353913
                                       2                  -0.6940239

             1  3             1  2     1            2  2   0.6940239
                                       2                  -0.1353913

    10   2   1  3     1   1   1  2     1   10   2   1  3   0.0000000
                                       2                  -0.0653720

    10   2   1  3     1   1   1  2     1   10   2   1  4  -0.0713871
                                       2                  -0.3158689

             1  3             1  2     1            2  4  -0.5028126
                                       2                   0.0711633

    10   2   1  3     1   1   1  2     1   10   2   1  5  -0.4028309
                                       2                   0.1075076

    10   2   1  4     1   1   1  2     1   10   2   1  2  -0.6809874
                                       2                   0.1265119

             1  4             1  2     1            2  2  -0.0273803
                                       2                  -0.1078732

             2  4             1  2     1            1  2  -0.0860263
                                       2                  -0.4451089

             2  4             1  2     1            2  2  -0.4386247
                                       2                   0.1192644

    10   2   1  4     1   1   1  2     1   10   2   1  3   0.0809454
                                       2                   0.3581617

             2  4             1  2     1            1  3   0.5701359
                                       2                  -0.0806916

    10   2   1  4     1   1   1  2     1   10   2   1  4   0.5010849
                                       2                  -0.1111369

             1  4             1  2     1            2  4  -0.1179607
                                       2                  -0.5794830

             2  4             1  2     1            1  4  -0.1179607
                                       2                  -0.5794830

             2  4             1  2     1            2  4   0.2040101
                                       2                  -0.1088677

    10   2   1  4     1   1   1  2     1   10   2   1  5   0.1059783
                                       2                   0.5493526

             2  4             1  2     1            1  5  -0.4238841
                                       2                   0.0171499

    10   2   1  4     1   1   1  2     1   10   2   1  6  -0.4988842
                                       2                   0.0830442

             1  4             1  2     1            2  6  -0.0580802
                                       2                  -0.2844696

             2  4             1  2     1            1  6  -0.0374889
                                       2                  -0.1176835

             2  4             1  2     1            2  6  -0.4285364
                                       2                   0.1199948

    10   2   1  5     1   1   1  2     1   10   2   1  3  -0.5049752
                                       2                   0.1347679

    10   2   1  5     1   1   1  2     1   10   2   1  4  -0.1171634
                                       2                  -0.6073321

             1  5             1  2     1            2  4   0.4686215
                                       2                  -0.0189599

    10   2   1  5     1   1   1  2     1   10   2   1  5   0.3002403
                                       2                  -0.1467949

    10   2   1  5     1   1   1  2     1   10   2   1  6  -0.0885110
                                       2                  -0.3619073

             1  5             1  2     1            2  6  -0.3569112
                                       2                  -0.0104567

    10   2   1  5     1   1   1  2     1   10   2   1  7  -0.4334883
                                       2                   0.1156895

    10   2   1  6     1   1   1  2     1   10   2   1  4  -0.5995842
                                       2                   0.0998067

             1  6             1  2     1            2  4  -0.0450561
                                       2                  -0.1414380

             2  6             1  2     1            1  4  -0.0698037
                                       2                  -0.3418900

             2  6             1  2     1            2  4  -0.5150367
                                       2                   0.1442158

    10   2   1  6     1   1   1  2     1   10   2   1  5   0.0962216
                                       2                   0.3934347

             2  6             1  2     1            1  5   0.3880034
                                       2                   0.0113677

    10   2   1  6     1   1   1  2     1   10   2   1  6   0.4924591
                                       2                  -0.1256675

             1  6             1  2     1            2  6  -0.1202934
                                       2                  -0.5908494

             2  6             1  2     1            1  6  -0.1202934
                                       2                  -0.5908494

             2  6             1  2     1            2  6   0.3622452
                                       2                  -0.1352832

    10   2   1  6     1   1   1  2     1   10   2   1  7   0.1014459
                                       2                   0.5228788

             2  6             1  2     1            1  7  -0.3120694
                                       2                  -0.0678001

    10   2   1  6     1   1   1  2     1   10   2   1  8  -0.4559123
                                       2                   0.0593544

             1  6             1  2     1            2  8  -0.0575238
                                       2                  -0.2422294

             2  6             1  2     1            1  8  -0.0526153
                                       2                  -0.1156610

             2  6             1  2     1            2  8  -0.4166763
                                       2                   0.1220674

    10   2   1  7     1   1   1  2     1   10   2   1  5  -0.5062053
                                       2                   0.1350962

    10   2   1  7     1   1   1  2     1   10   2   1  6  -0.1089704
                                       2                  -0.5616619

             1  7             1  2     1            2  6   0.3352163
                                       2                   0.0728290

    10   2   1  7     1   1   1  2     1   10   2   1  7   0.3908522
                                       2                  -0.1713731

    10   2   1  7     1   1   1  2     1   10   2   1  8  -0.1016742
                                       2                  -0.3737310

             1  7             1  2     1            2  8  -0.2644631
                                       2                  -0.0758210

    10   2   1  7     1   1   1  2     1   10   2   1  9  -0.3955294
                                       2                   0.1055590

    10   2   1  8     1   1   1  2     1   10   2   1  6  -0.5213557
                                       2                   0.0678744

             1  8             1  2     1            2  6  -0.0601679
                                       2                  -0.1322634

             2  8             1  2     1            1  6  -0.0657810
                                       2                  -0.2769999

             2  8             1  2     1            2  6  -0.4764875
                                       2                   0.1395894

    10   2   1  8     1   1   1  2     1   10   2   1  7   0.1082404
                                       2                   0.3978671

             2  8             1  2     1            1  7   0.2815424
                                       2                   0.0807176

    10   2   1  8     1   1   1  2     1   10   2   1  8   0.4844629
                                       2                  -0.1519646

             1  8             1  2     1            2  8  -0.1211571
                                       2                  -0.5950503

             2  8             1  2     1            1  8  -0.1211571
                                       2                  -0.5950503

             2  8             1  2     1            2  8   0.4261531
                                       2                  -0.1242891

    10   2   1  8     1   1   1  2     1   10   2   1  9   0.0986963
                                       2                   0.4933912

             2  8             1  2     1            1  9  -0.2419227
                                       2                  -0.1491851

    10   2   1  8     1   1   1  2     1   10   2   1 10  -0.3777534
                                       2                   0.0202583

             1  8             1  2     1            2 10  -0.0635830
                                       2                  -0.1885539

             2  8             1  2     1            1 10  -0.0747420
                                       2                  -0.0855188

             2  8             1  2     1            2 10  -0.3450023
                                       2                   0.1072302

    10   2   1  9     1   1   1  2     1   10   2   1  7  -0.4451536
                                       2                   0.1188027

    10   2   1  9     1   1   1  2     1   10   2   1  8  -0.1043406
                                       2                  -0.5216074

             1  9             1  2     1            2  8   0.2557578
                                       2                   0.1577167

    10   2   1  9     1   1   1  2     1   10   2   1  9   0.4300206
                                       2                  -0.1819981

    10   2   1  9     1   1   1  2     1   10   2   1 10  -0.1173288
                                       2                  -0.3689378

             1  9             1  2     1            2 10  -0.1970567
                                       2                  -0.1347450

    10   2   1  9     1   1   1  2     1   10   2   1 11  -0.3019418
                                       2                   0.0805823

    10   2   1 10     1   1   1  2     1   10   2   1  8  -0.4198495
                                       2                   0.0225159

             1 10             1  2     1            2  8  -0.0830710
                                       2                  -0.0950489

             2 10             1  2     1            1  8  -0.0706686
                                       2                  -0.2095659

             2 10             1  2     1            2  8  -0.3834486
                                       2                   0.1191797

    10   2   1 10     1   1   1  2     1   10   2   1  9   0.1233496
                                       2                   0.3878698

             2 10             1  2     1            1  9   0.2071687
                                       2                   0.1416594

    10   2   1 10     1   1   1  2     1   10   2   1 10   0.4719667
                                       2                  -0.2023315

             1 10             1  2     1            2 10  -0.1209241
                                       2                  -0.5942422

             2 10             1  2     1            1 10  -0.1209241
                                       2                  -0.5942422

             2 10             1  2     1            2 10   0.4655442
                                       2                  -0.0812834

    10   2   1 10     1   1   1  2     1   10   2   1 11   0.0970495
                                       2                   0.4474908

             2 10             1  2     1            1 11  -0.1939000
                                       2                  -0.2417368

    10   2   1 10     1   1   1  2     1   10   2   1 12  -0.2503850
                                       2                  -0.0924472

             2 10             1  2     1            1 12  -0.2048209
                                       2                   0.0216231

    10   2   1 11     1   1   1  2     1   10   2   1  9  -0.3322082
                                       2                   0.0886598

    10   2   1 11     1   1   1  2     1   10   2   1 10  -0.1015658
                                       2                  -0.4683153

             1 11             1  2     1            2 10   0.2029234
                                       2                   0.2529863

    10   2   1 11     1   1   1  2     1   10   2   1 11   0.4504687
                                       2                  -0.1875451

    10   2   1 11     1   1   1  2     1   10   2   1 12  -0.1921765
                                       2                  -0.4000473

    10   2   1 12     1   1   1  2     1   10   2   1 10  -0.2731925
                                       2                  -0.1008682

             1 12             1  2     1            2 10  -0.2234779
                                       2                   0.0235928

    10   2   1 12     1   1   1  2     1   10   2   1 11   0.2003579
                                       2                   0.4170782

    10   2   1 12     1   1   1  2     1   10   2   1 12   0.3566145
                                       2                  -0.7423523

     8   0   1  0     1   1   1  2     1    8   0   1  2  -0.4472136

     8   0   1  2     1   1   1  2     1    8   0   1  0  -1.0000000

     8   0   1  2     1   1   1  2     1    8   0   1  2   0.5413127

     8   0   1  2     1   1   1  2     1    8   0   1  4  -0.5032363

     8   0   1  4     1   1   1  2     1    8   0   1  2  -0.6751623

     8   0   1  4     1   1   1  2     1    8   0   1  4   0.5161214

     8   0   1  4     1   1   1  2     1    8   0   1  6  -0.4632042

     8   0   1  6     1   1   1  2     1    8   0   1  4  -0.5567022

     8   0   1  6     1   1   1  2     1    8   0   1  6   0.5109342

     8   0   1  6     1   1   1  2     1    8   0   1  8  -0.3567530

     8   0   1  8     1   1   1  2     1    8   0   1  6  -0.4079627

     8   0   1  8     1   1   1  2     1    8   0   1  8   0.5090097

     6   4   1  0     1   1   1  2     1    6   4   1  2  -0.4083762
                                       2                   0.1822878

             1  0             1  2     1            2  2  -0.1822878
                                       2                  -0.4083762

     6   4   1  2     1   1   1  2     1    6   4   1  0  -0.9131570
                                       2                   0.4076080

             2  2             1  2     1            1  0  -0.4076080
                                       2                  -0.9131570

     6   4   1  2     1   1   1  2     1    6   4   1  2   0.4901107
                                       2                  -0.2309931

             1  2             1  2     1            2  2  -0.2270913
                                       2                  -0.4813695

             2  2             1  2     1            1  2  -0.2270913
                                       2                  -0.4813695

             2  2             1  2     1            2  2  -0.4901107
                                       2                   0.2075084

     6   4   1  2     1   1   1  2     1    6   4   1  3   0.2435924
                                       2                   0.5457157

             2  2             1  2     1            1  3  -0.5457157
                                       2                   0.2435924

     6   4   1  2     1   1   1  2     1    6   4   1  4  -0.4602177
                                       2                   0.1873002

             1  2             1  2     1            2  4  -0.1388129
                                       2                  -0.2988614

             1  2             1  2     1            3  4   0.0002844
                                       2                  -0.0006677

             2  2             1  2     1            1  4  -0.0460725
                                       2                  -0.0626031

             2  2             1  2     1            2  4  -0.2945090
                                       2                   0.1485633

             2  2             1  2     1            3  4  -0.1758576
                                       2                  -0.3927592

     6   4   1  3     1   1   1  2     1    6   4   1  2  -0.2882224
                                       2                  -0.6456995

             1  3             1  2     1            2  2   0.6456995
                                       2                  -0.2882224

     6   4   1  3     1   1   1  2     1    6   4   1  3   0.0000000
                                       2                  -0.0567210

     6   4   1  3     1   1   1  2     1    6   4   1  4  -0.1564535
                                       2                  -0.2733208

             1  3             1  2     1            2  4  -0.4586961
                                       2                   0.1884200

             1  3             1  2     1            3  4   0.1363059
                                       2                   0.2906696

     6   4   1  3     1   1   1  2     1    6   4   1  5  -0.3559692
                                       2                   0.1674809

             1  3             1  2     1            2  5  -0.1448114
                                       2                  -0.3202652

     6   4   1  4     1   1   1  2     1    6   4   1  2  -0.6174468
                                       2                   0.2512896

             1  4             1  2     1            2  2  -0.0618128
                                       2                  -0.0839909

             2  4             1  2     1            1  2  -0.1862370
                                       2                  -0.4009646

             2  4             1  2     1            2  2  -0.3951253
                                       2                   0.1993186

             3  4             1  2     1            1  2   0.0003816
                                       2                  -0.0008959

             3  4             1  2     1            2  2  -0.2359378
                                       2                  -0.5269418

     6   4   1  4     1   1   1  2     1    6   4   1  3   0.1774016
                                       2                   0.3099167

             2  4             1  2     1            1  3   0.5201125
                                       2                  -0.2136482

             3  4             1  2     1            1  3  -0.1545563
                                       2                  -0.3295884

     6   4   1  4     1   1   1  2     1    6   4   1  4   0.4555571
                                       2                  -0.2391844

             1  4             1  2     1            2  4  -0.2519377
                                       2                  -0.5338893

             1  4             1  2     1            3  4   0.0008001
                                       2                  -0.0013280

             2  4             1  2     1            1  4  -0.2519377
                                       2                  -0.5338893

             2  4             1  2     1            2  4   0.2008962
                                       2                  -0.1332447

             2  4             1  2     1            3  4  -0.0884514
                                       2                  -0.1574524

             3  4             1  2     1            1  4   0.0008001
                                       2                  -0.0013280

             3  4             1  2     1            2  4  -0.0884514
                                       2                  -0.1574524

             3  4             1  2     1            3  4  -0.6564533
                                       2                   0.2403175

     6   4   1  4     1   1   1  2     1    6   4   1  5   0.2266225
                                       2                   0.5054236

             1  4             1  2     1            2  5  -0.0010707
                                       2                   0.0022225

             2  4             1  2     1            1  5  -0.3907777
                                       2                   0.1098292

             2  4             1  2     1            2  5   0.1492223
                                       2                   0.3260538

             3  4             1  2     1            1  5  -0.0426959
                                       2                  -0.0470508

             3  4             1  2     1            2  5  -0.5090685
                                       2                   0.2587858

     6   4   1  4     1   1   1  2     1    6   4   1  6  -0.4247814
                                       2                   0.1315334

             1  4             1  2     1            2  6  -0.1333263
                                       2                  -0.2247990

             1  4             1  2     1            3  6   0.0010521
                                       2                  -0.0030376

             2  4             1  2     1            1  6  -0.0926364
                                       2                  -0.0623691

             2  4             1  2     1            2  6  -0.3532466
                                       2                   0.1645754

             2  4             1  2     1            3  6  -0.1287199
                                       2                  -0.2690932

             3  4             1  2     1            1  6   0.0007691
                                       2                  -0.0012511

             3  4             1  2     1            2  6  -0.0163445
                                       2                  -0.0022659

             3  4             1  2     1            3  6  -0.1876740
                                       2                   0.1414132

     6   4   1  5     1   1   1  2     1    6   4   1  3  -0.4462310
                                       2                   0.2099485

             2  5             1  2     1            1  3  -0.1815307
                                       2                  -0.4014736

     6   4   1  5     1   1   1  2     1    6   4   1  4  -0.2505406
                                       2                  -0.5587669

             1  5             1  2     1            2  4   0.4320210
                                       2                  -0.1214208

             1  5             1  2     1            3  4   0.0472020
                                       2                   0.0520166

             2  5             1  2     1            1  4   0.0011837
                                       2                  -0.0024570

             2  5             1  2     1            2  4  -0.1649714
                                       2                  -0.3604661

             2  5             1  2     1            3  4   0.5627964
                                       2                  -0.2860985

     6   4   1  5     1   1   1  2     1    6   4   1  5   0.2750832
                                       2                  -0.2078180

             1  5             1  2     1            2  5  -0.1156343
                                       2                  -0.2052244

             2  5             1  2     1            1  5  -0.1156343
                                       2                  -0.2052244

             2  5             1  2     1            2  5  -0.2750832
                                       2                  -0.0280087

     6   4   1  5     1   1   1  2     1    6   4   1  6  -0.2015931
                                       2                  -0.2919034

             1  5             1  2     1            2  6  -0.3044621
                                       2                   0.0818311

             1  5             1  2     1            3  6   0.1492907
                                       2                   0.3334519

             2  5             1  2     1            1  6   0.0025376
                                       2                  -0.0037159

             2  5             1  2     1            2  6  -0.0683196
                                       2                  -0.0608799

             2  5             1  2     1            3  6  -0.5175100
                                       2                   0.2077737

     6   4   1  5     1   1   1  2     1    6   4   1  7  -0.3449667
                                       2                   0.1321050

             1  5             1  2     1            2  7  -0.1207914
                                       2                  -0.2243645

             2  5             1  2     1            1  7  -0.0308162
                                       2                   0.0060814

             2  5             1  2     1            2  7  -0.2313331
                                       2                   0.1796073

     6   4   1  6     1   1   1  2     1    6   4   1  4  -0.5105237
                                       2                   0.1580835

             1  6             1  2     1            2  4  -0.1113351
                                       2                  -0.0749583

             1  6             1  2     1            3  4   0.0009243
                                       2                  -0.0015036

             2  6             1  2     1            1  4  -0.1602382
                                       2                  -0.2701748

             2  6             1  2     1            2  4  -0.4245496
                                       2                   0.1977950

             2  6             1  2     1            3  4  -0.0196436
                                       2                  -0.0027233

             3  6             1  2     1            1  4   0.0012645
                                       2                  -0.0036507

             3  6             1  2     1            2  4  -0.1547021
                                       2                  -0.3234098

             3  6             1  2     1            3  4  -0.2255560
                                       2                   0.1699575

     6   4   1  6     1   1   1  2     1    6   4   1  5   0.2191548
                                       2                   0.3173324

             1  6             1  2     1            2  5  -0.0027587
                                       2                   0.0040396

             2  6             1  2     1            1  5   0.3309852
                                       2                  -0.0889598

             2  6             1  2     1            2  5   0.0742713
                                       2                   0.0661834

             3  6             1  2     1            1  5  -0.1622961
                                       2                  -0.3625005

             3  6             1  2     1            2  5   0.5625927
                                       2                  -0.2258738

     6   4   1  6     1   1   1  2     1    6   4   1  6   0.4263578
                                       2                  -0.2763142

             1  6             1  2     1            2  6  -0.2555549
                                       2                  -0.5425795

             1  6             1  2     1            3  6   0.0035211
                                       2                  -0.0046348

             2  6             1  2     1            1  6  -0.2555549
                                       2                  -0.5425795

             2  6             1  2     1            2  6   0.3609495
                                       2                  -0.1762483

             2  6             1  2     1            3  6  -0.1339184
                                       2                  -0.2338084

             3  6             1  2     1            1  6   0.0035211
                                       2                  -0.0046348

             3  6             1  2     1            2  6  -0.1339184
                                       2                  -0.2338084

             3  6             1  2     1            3  6  -0.0557506
                                       2                  -0.1771285

     6   4   1  6     1   1   1  2     1    6   4   1  7   0.2195864
                                       2                   0.4621400

             1  6             1  2     1            2  7  -0.0027338
                                       2                   0.0066020

             2  6             1  2     1            1  7  -0.2858651
                                       2                  -0.0059003

             2  6             1  2     1            2  7   0.1488196
                                       2                   0.3343650

             3  6             1  2     1            1  7  -0.0888046
                                       2                  -0.0607106

             3  6             1  2     1            2  7  -0.4761088
                                       2                   0.1229246

     6   4   1  6     1   1   1  2     1    6   4   1  8  -0.3572077
                                       2                  -0.0531925

             1  6             1  2     1            2  8   0.0521607
                                       2                  -0.0383463

             2  6             1  2     1            1  8  -0.2849157
                                       2                   0.0406556

             2  6             1  2     1            2  8  -0.1329437
                                       2                  -0.1571436

             3  6             1  2     1            1  8  -0.0448274
                                       2                   0.0241977

             3  6             1  2     1            2  8  -0.2256738
                                       2                   0.1823173

     6   4   1  7     1   1   1  2     1    6   4   1  5  -0.4028343
                                       2                   0.1542655

             1  7             1  2     1            2  5  -0.0359856
                                       2                   0.0071015

             2  7             1  2     1            1  5  -0.1410540
                                       2                  -0.2620013

             2  7             1  2     1            2  5  -0.2701388
                                       2                   0.2097362

     6   4   1  7     1   1   1  2     1    6   4   1  6  -0.2358736
                                       2                  -0.4964180

             1  7             1  2     1            2  6   0.3070684
                                       2                   0.0063379

             1  7             1  2     1            3  6   0.0953915
                                       2                   0.0652137

             2  7             1  2     1            1  6   0.0029365
                                       2                  -0.0070917

             2  7             1  2     1            2  6  -0.1598579
                                       2                  -0.3591656

             2  7             1  2     1            3  6   0.5114229
                                       2                  -0.1320422

     6   4   1  7     1   1   1  2     1    6   4   1  7   0.3464913
                                       2                  -0.2616485

             1  7             1  2     1            2  7  -0.1423518
                                       2                  -0.2490350

             2  7             1  2     1            1  7  -0.1423518
                                       2                  -0.2490350

             2  7             1  2     1            2  7   0.0848130
                                       2                  -0.2669279

     6   4   1  7     1   1   1  2     1    6   4   1  8  -0.2952191
                                       2                  -0.1848498

             1  7             1  2     1            2  8   0.1575654
                                       2                   0.3716817

             2  7             1  2     1            1  8  -0.0952161
                                       2                  -0.0374854

             2  7             1  2     1            2  8  -0.4269732
                                       2                   0.0184723

     6   4   1  7     1   1   1  2     1    6   4   1  9  -0.2493671
                                       2                  -0.0794132

             2  7             1  2     1            1  9  -0.1831476
                                       2                   0.1593303

     6   4   1  8     1   1   1  2     1    6   4   1  6  -0.4084826
                                       2                  -0.0608279

             1  8             1  2     1            2  6  -0.3258135
                                       2                   0.0464915

             1  8             1  2     1            3  6  -0.0512621
                                       2                   0.0276712

             2  8             1  2     1            1  6   0.0596481
                                       2                  -0.0438507

             2  8             1  2     1            2  6  -0.1520269
                                       2                  -0.1797005

             2  8             1  2     1            3  6  -0.2580679
                                       2                   0.2084878

     6   4   1  8     1   1   1  2     1    6   4   1  7   0.3142848
                                       2                   0.1967877

             1  8             1  2     1            2  7   0.1013653
                                       2                   0.0399063

             2  8             1  2     1            1  7  -0.1677412
                                       2                  -0.3956854

             2  8             1  2     1            2  7   0.4545477
                                       2                  -0.0196653

     6   4   1  8     1   1   1  2     1    6   4   1  8   0.1473019
                                       2                  -0.8147816

             1  8             1  2     1            2  8  -0.0967012
                                       2                  -0.1458583

             2  8             1  2     1            1  8  -0.0967012
                                       2                  -0.1458583

             2  8             1  2     1            2  8   0.1659548
                                       2                  -0.3619157

     6   4   1  8     1   1   1  2     1    6   4   1  9   0.0610797
                                       2                   0.3082684

             2  8             1  2     1            1  9  -0.3874391
                                       2                  -0.1062092

     6   4   1  8     1   1   1  2     1    6   4   1 10  -0.3465363
                                       2                  -0.0440746

             2  8             1  2     1            1 10  -0.0776518
                                       2                   0.1086453

     6   4   1  9     1   1   1  2     1    6   4   1  7  -0.2806534
                                       2                  -0.0893766

             1  9             1  2     1            2  7  -0.2061258
                                       2                   0.1793203

     6   4   1  9     1   1   1  2     1    6   4   1  8  -0.0645727
                                       2                  -0.3258977

             1  9             1  2     1            2  8   0.4095961
                                       2                   0.1122831

     6   4   1  9     1   1   1  2     1    6   4   1  9   0.1479294
                                       2                  -0.6003940

     6   4   1  9     1   1   1  2     1    6   4   1 10  -0.2881299
                                       2                  -0.1172194

     6   4   1 10     1   1   1  2     1    6   4   1  8  -0.3851535
                                       2                  -0.0489861

             1 10             1  2     1            2  8  -0.0863051
                                       2                   0.1207525

     6   4   1 10     1   1   1  2     1    6   4   1  9   0.3029153
                                       2                   0.1232345

     6   4   1 10     1   1   1  2     1    6   4   1 10   0.1120806
                                       2                  -0.8838913

     4   2   1  0     1   1   1  2     1    4   2   1  2  -0.4181526
                                       2                   0.1585825

             1  0             1  2     1            2  2  -0.1585825
                                       2                  -0.4181526

     4   2   1  2     1   1   1  2     1    4   2   1  0  -0.9350176
                                       2                   0.3546012

             2  2             1  2     1            1  0  -0.3546012
                                       2                  -0.9350176

     4   2   1  2     1   1   1  2     1    4   2   1  2   0.5080186
                                       2                  -0.2111559

             1  2             1  2     1            2  2  -0.2039769
                                       2                  -0.4890888

             2  2             1  2     1            1  2  -0.2039769
                                       2                  -0.4890888

             2  2             1  2     1            2  2  -0.5080186
                                       2                   0.1540627

     4   2   1  2     1   1   1  2     1    4   2   1  3   0.2119147
                                       2                   0.5587799

             2  2             1  2     1            1  3  -0.5587799
                                       2                   0.2119147

     4   2   1  2     1   1   1  2     1    4   2   1  4  -0.4332793
                                       2                   0.1314220

             1  2             1  2     1            2  4  -0.1221252
                                       2                  -0.2870247

             2  2             1  2     1            1  4  -0.0501531
                                       2                  -0.0455007

             2  2             1  2     1            2  4  -0.2745496
                                       2                   0.1550196

     4   2   1  3     1   1   1  2     1    4   2   1  2  -0.2507409
                                       2                  -0.6611573

             1  3             1  2     1            2  2   0.6611573
                                       2                  -0.2507409

     4   2   1  3     1   1   1  2     1    4   2   1  3   0.0000000
                                       2                  -0.1378933

     4   2   1  3     1   1   1  2     1    4   2   1  4  -0.1555244
                                       2                  -0.2522721

             1  3             1  2     1            2  4  -0.4604824
                                       2                   0.1182795

     4   2   1  3     1   1   1  2     1    4   2   1  5  -0.3021661
                                       2                   0.1649672

     4   2   1  4     1   1   1  2     1    4   2   1  2  -0.5813051
                                       2                   0.1763211

             1  4             1  2     1            2  2  -0.0672875
                                       2                  -0.0610456

             2  4             1  2     1            1  2  -0.1638481
                                       2                  -0.3850840

             2  4             1  2     1            2  2  -0.3683469
                                       2                   0.2079807

     4   2   1  4     1   1   1  2     1    4   2   1  3   0.1763481
                                       2                   0.2860497

             2  4             1  2     1            1  3   0.5221380
                                       2                  -0.1341164

     4   2   1  4     1   1   1  2     1    4   2   1  4   0.4654280
                                       2                  -0.2352159

             1  4             1  2     1            2  4  -0.2279237
                                       2                  -0.5453173

             2  4             1  2     1            1  4  -0.2279237
                                       2                  -0.5453173

             2  4             1  2     1            2  4   0.2183768
                                       2                  -0.2052445

     4   2   1  4     1   1   1  2     1    4   2   1  5   0.1954688
                                       2                   0.5010874

             2  4             1  2     1            1  5  -0.3907698
                                       2                  -0.0160699

     4   2   1  4     1   1   1  2     1    4   2   1  6  -0.3159686
                                       2                  -0.0938970

             2  4             1  2     1            1  6  -0.2430167
                                       2                   0.1020027

     4   2   1  5     1   1   1  2     1    4   2   1  3  -0.3787852
                                       2                   0.2067973

     4   2   1  5     1   1   1  2     1    4   2   1  4  -0.2160988
                                       2                  -0.5539729

             1  5             1  2     1            2  4   0.4320123
                                       2                   0.0177660

     4   2   1  5     1   1   1  2     1    4   2   1  5   0.2911745
                                       2                  -0.2995904

     4   2   1  5     1   1   1  2     1    4   2   1  6  -0.3489114
                                       2                  -0.2307832

     4   2   1  6     1   1   1  2     1    4   2   1  4  -0.3797470
                                       2                  -0.1128502

             1  6             1  2     1            2  4  -0.2920697
                                       2                   0.1225919

     4   2   1  6     1   1   1  2     1    4   2   1  5   0.3793066
                                       2                   0.2508878

     4   2   1  6     1   1   1  2     1    4   2   1  6   0.1859704
                                       2                  -0.8200523

     2   6   1  0     1   1   1  2     1    2   6   1  2  -0.3285316
                                       2                   0.3034254

             1  0             1  2     1            2  2  -0.3034254
                                       2                  -0.3285316

     2   6   1  2     1   1   1  2     1    2   6   1  0  -0.7346190
                                       2                   0.6784798

             2  2             1  2     1            1  0  -0.6784798
                                       2                  -0.7346190

     2   6   1  2     1   1   1  2     1    2   6   1  2   0.3791012
                                       2                  -0.4069413

             1  2             1  2     1            2  2  -0.3878856
                                       2                  -0.3584688

             2  2             1  2     1            1  2  -0.3878856
                                       2                  -0.3584688

             2  2             1  2     1            2  2  -0.3791012
                                       2                   0.3655460

     2   6   1  2     1   1   1  2     1    2   6   1  3   0.4054692
                                       2                   0.4390188

             2  2             1  2     1            1  3  -0.4390188
                                       2                   0.4054692

     2   6   1  2     1   1   1  2     1    2   6   1  4  -0.4135990
                                       2                   0.0353372

             1  2             1  2     1            2  4   0.0182669
                                       2                  -0.0426775

             2  2             1  2     1            1  4  -0.2156086
                                       2                   0.1418893

             2  2             1  2     1            2  4  -0.3341991
                                       2                  -0.3339098

     2   6   1  3     1   1   1  2     1    2   6   1  2  -0.4797577
                                       2                  -0.5194541

             1  3             1  2     1            2  2   0.5194541
                                       2                  -0.4797577

     2   6   1  3     1   1   1  2     1    2   6   1  3   0.0000000
                                       2                  -0.0999790

     2   6   1  3     1   1   1  2     1    2   6   1  4  -0.4254965
                                       2                   0.1319980

             1  3             1  2     1            2  4   0.2592264
                                       2                   0.2786671

     2   6   1  3     1   1   1  2     1    2   6   1  5  -0.3614167
                                       2                  -0.1455470

     2   6   1  4     1   1   1  2     1    2   6   1  2  -0.5549013
                                       2                   0.0474098

             1  4             1  2     1            2  2  -0.2892693
                                       2                   0.1903645

             2  4             1  2     1            1  2   0.0245077
                                       2                  -0.0572579

             2  4             1  2     1            2  2  -0.4483752
                                       2                  -0.4479870

     2   6   1  4     1   1   1  2     1    2   6   1  3   0.4824677
                                       2                  -0.1496717

             2  4             1  2     1            1  3  -0.2939351
                                       2                  -0.3159788

     2   6   1  4     1   1   1  2     1    2   6   1  4  -0.1700674
                                       2                  -0.7288112

             1  4             1  2     1            2  4  -0.1352880
                                       2                  -0.0225437

             2  4             1  2     1            1  4  -0.1352880
                                       2                  -0.0225437

             2  4             1  2     1            2  4  -0.5256130
                                       2                   0.3999738

     2   6   1  4     1   1   1  2     1    2   6   1  5   0.1871243
                                       2                   0.3770902

             2  4             1  2     1            1  5  -0.3948336
                                       2                   0.3734338

     2   6   1  4     1   1   1  2     1    2   6   1  6  -0.4635836
                                       2                   0.0334460

             1  4             1  2     1            2  6   0.0498217
                                       2                  -0.0472562

             2  4             1  2     1            1  6  -0.0943675
                                       2                   0.0809580

             2  4             1  2     1            2  6  -0.2946902
                                       2                  -0.2851003

     2   6   1  5     1   1   1  2     1    2   6   1  3  -0.4530598
                                       2                  -0.1824528

     2   6   1  5     1   1   1  2     1    2   6   1  4  -0.2068737
                                       2                  -0.4168889

             1  5             1  2     1            2  4   0.4365050
                                       2                  -0.4128466

     2   6   1  5     1   1   1  2     1    2   6   1  5  -0.2962314
                                       2                  -0.2212550

     2   6   1  5     1   1   1  2     1    2   6   1  6  -0.3129851
                                       2                   0.2722808

             1  5             1  2     1            2  6   0.1767709
                                       2                   0.1630969

     2   6   1  5     1   1   1  2     1    2   6   1  7  -0.3226553
                                       2                  -0.1299373

     2   6   1  6     1   1   1  2     1    2   6   1  4  -0.5571581
                                       2                   0.0401971

             1  6             1  2     1            2  4  -0.1134156
                                       2                   0.0972994

             2  6             1  2     1            1  4   0.0598782
                                       2                  -0.0567949

             2  6             1  2     1            2  4  -0.3541736
                                       2                  -0.3426479

     2   6   1  6     1   1   1  2     1    2   6   1  5   0.3402507
                                       2                  -0.2960004

             2  6             1  2     1            1  5  -0.1921702
                                       2                  -0.1773050

     2   6   1  6     1   1   1  2     1    2   6   1  6  -0.2651630
                                       2                  -0.7512865

             1  6             1  2     1            2  6  -0.0957062
                                       2                   0.1530202

             2  6             1  2     1            1  6  -0.0957062
                                       2                   0.1530202

             2  6             1  2     1            2  6  -0.5781291
                                       2                   0.3614467

     2   6   1  6     1   1   1  2     1    2   6   1  7   0.0572699
                                       2                   0.3026397

             2  6             1  2     1            1  7  -0.3240229
                                       2                   0.3983118

     2   6   1  6     1   1   1  2     1    2   6   1  8  -0.3715191
                                       2                   0.0400736

             2  6             1  2     1            1  8   0.0178716
                                       2                   0.1065220

     2   6   1  7     1   1   1  2     1    2   6   1  5  -0.3767802
                                       2                  -0.1517341

     2   6   1  7     1   1   1  2     1    2   6   1  6  -0.0615177
                                       2                  -0.3250872

             1  7             1  2     1            2  6   0.3480564
                                       2                  -0.4278555

     2   6   1  7     1   1   1  2     1    2   6   1  7  -0.3856334
                                       2                  -0.2578634

     2   6   1  7     1   1   1  2     1    2   6   1  8  -0.2759127
                                       2                   0.3235363

     2   6   1  8     1   1   1  2     1    2   6   1  6  -0.4248484
                                       2                   0.0458260

             1  8             1  2     1            2  6   0.0204370
                                       2                   0.1218126

     2   6   1  8     1   1   1  2     1    2   6   1  7   0.2937315
                                       2                  -0.3444307

     2   6   1  8     1   1   1  2     1    2   6   1  8  -0.2738613
                                       2                  -0.7882302

     2   0   1  0     1   1   1  2     1    2   0   1  2  -0.4472136

     2   0   1  2     1   1   1  2     1    2   0   1  0  -1.0000000

     2   0   1  2     1   1   1  2     1    2   0   1  2   0.5916080

     0   4   1  0     1   1   1  2     1    0   4   1  2  -0.4472136

     0   4   1  2     1   1   1  2     1    0   4   1  0  -1.0000000

     0   4   1  2     1   1   1  2     1    0   4   1  2  -0.5555839

     0   4   1  2     1   1   1  2     1    0   4   1  4  -0.4285714

     0   4   1  4     1   1   1  2     1    0   4   1  2  -0.5749889

     0   4   1  4     1   1   1  2     1    0   4   1  4  -0.5297285

