 ((lm1 mu1)al1 L1; (lm2 mu2)al2 L2 || rh (lm3 mu3)al3 L3)
    16   0   1  0     1   1   1  2     1   16   0   1  2  -0.4472136

    16   0   1  2     1   1   1  2     1   16   0   1  0  -1.0000000

    16   0   1  2     1   1   1  2     1   16   0   1  2   0.5364969

    16   0   1  2     1   1   1  2     1   16   0   1  4  -0.5256575

    16   0   1  4     1   1   1  2     1   16   0   1  2  -0.7052435

    16   0   1  4     1   1   1  2     1   16   0   1  4   0.5115297

    16   0   1  4     1   1   1  2     1   16   0   1  6  -0.5345102

    16   0   1  6     1   1   1  2     1   16   0   1  4  -0.6424013

    16   0   1  6     1   1   1  2     1   16   0   1  6   0.5063886

    16   0   1  6     1   1   1  2     1   16   0   1  8  -0.5204785

    16   0   1  8     1   1   1  2     1   16   0   1  6  -0.5951899

    16   0   1  8     1   1   1  2     1   16   0   1  8   0.5044813

    16   0   1  8     1   1   1  2     1   16   0   1 10  -0.4903097

    16   0   1 10     1   1   1  2     1   16   0   1  8  -0.5449488

    16   0   1 10     1   1   1  2     1   16   0   1 10   0.5035666

    16   0   1 10     1   1   1  2     1   16   0   1 12  -0.4439525

    16   0   1 12     1   1   1  2     1   16   0   1 10  -0.4843919

    16   0   1 12     1   1   1  2     1   16   0   1 12   0.5030576

    16   0   1 12     1   1   1  2     1   16   0   1 14  -0.3771156

    16   0   1 14     1   1   1  2     1   16   0   1 12  -0.4061659

    16   0   1 14     1   1   1  2     1   16   0   1 14   0.5027455

    16   0   1 14     1   1   1  2     1   16   0   1 16  -0.2764067

    16   0   1 16     1   1   1  2     1   16   0   1 14  -0.2948537

    16   0   1 16     1   1   1  2     1   16   0   1 16   0.5025402

    12   2   1  0     1   1   1  2     1   12   2   1  2  -0.4410253
                                       2                   0.0741396

             1  0             1  2     1            2  2  -0.0741396
                                       2                  -0.4410253

    12   2   1  2     1   1   1  2     1   12   2   1  0  -0.9861626
                                       2                   0.1657811

             2  2             1  2     1            1  0  -0.1657811
                                       2                  -0.9861626

    12   2   1  2     1   1   1  2     1   12   2   1  2   0.5294575
                                       2                  -0.0922496

             1  2             1  2     1            2  2  -0.0916137
                                       2                  -0.5256752

             2  2             1  2     1            1  2  -0.0916137
                                       2                  -0.5256752

             2  2             1  2     1            2  2  -0.5294575
                                       2                   0.0691149

    12   2   1  2     1   1   1  2     1   12   2   1  3   0.0990732
                                       2                   0.5893449

             2  2             1  2     1            1  3  -0.5893449
                                       2                   0.0990732

    12   2   1  2     1   1   1  2     1   12   2   1  4  -0.5144836
                                       2                   0.0832785

             1  2             1  2     1            2  4  -0.0555804
                                       2                  -0.3352578

             2  2             1  2     1            1  4  -0.0171343
                                       2                  -0.0828300

             2  2             1  2     1            2  4  -0.3316375
                                       2                   0.0771157

    12   2   1  3     1   1   1  2     1   12   2   1  2  -0.1172250
                                       2                  -0.6973222

             1  3             1  2     1            2  2   0.6973222
                                       2                  -0.1172250

    12   2   1  3     1   1   1  2     1   12   2   1  3   0.0000000
                                       2                  -0.0558756

    12   2   1  3     1   1   1  2     1   12   2   1  4  -0.0606967
                                       2                  -0.3206325

             1  3             1  2     1            2  4  -0.5063996
                                       2                   0.0618311

    12   2   1  3     1   1   1  2     1   12   2   1  5  -0.4117022
                                       2                   0.0941978

    12   2   1  4     1   1   1  2     1   12   2   1  2  -0.6902522
                                       2                   0.1117298

             1  4             1  2     1            2  2  -0.0229881
                                       2                  -0.1111282

             2  4             1  2     1            1  2  -0.0745689
                                       2                  -0.4497955

             2  4             1  2     1            2  2  -0.4449385
                                       2                   0.1034616

    12   2   1  4     1   1   1  2     1   12   2   1  3   0.0688236
                                       2                   0.3635631

             2  4             1  2     1            1  3   0.5742031
                                       2                  -0.0701099

    12   2   1  4     1   1   1  2     1   12   2   1  4   0.5035569
                                       2                  -0.0944987

             1  4             1  2     1            2  4  -0.1015640
                                       2                  -0.5827297

             2  4             1  2     1            1  4  -0.1015640
                                       2                  -0.5827297

             2  4             1  2     1            2  4   0.2036700
                                       2                  -0.0945203

    12   2   1  4     1   1   1  2     1   12   2   1  5   0.0919187
                                       2                   0.5532251

             2  4             1  2     1            1  5  -0.4271534
                                       2                   0.0167893

    12   2   1  4     1   1   1  2     1   12   2   1  6  -0.5152120
                                       2                   0.0770035

             1  4             1  2     1            2  6  -0.0499630
                                       2                  -0.2924053

             2  4             1  2     1            1  6  -0.0306226
                                       2                  -0.1255375

             2  4             1  2     1            2  6  -0.4435971
                                       2                   0.1057782

    12   2   1  5     1   1   1  2     1   12   2   1  3  -0.5160961
                                       2                   0.1180832

    12   2   1  5     1   1   1  2     1   12   2   1  4  -0.1016200
                                       2                  -0.6116133

             1  5             1  2     1            2  4   0.4722359
                                       2                  -0.0185612

    12   2   1  5     1   1   1  2     1   12   2   1  5   0.3011481
                                       2                  -0.1258851

    12   2   1  5     1   1   1  2     1   12   2   1  6  -0.0743839
                                       2                  -0.3703403

             1  5             1  2     1            2  6  -0.3620213
                                       2                  -0.0077355

    12   2   1  5     1   1   1  2     1   12   2   1  7  -0.4550223
                                       2                   0.1041095

    12   2   1  6     1   1   1  2     1   12   2   1  4  -0.6192078
                                       2                   0.0925467

             1  6             1  2     1            2  4  -0.0368038
                                       2                  -0.1508773

             2  6             1  2     1            1  4  -0.0600480
                                       2                  -0.3514274

             2  6             1  2     1            2  4  -0.5331373
                                       2                   0.1271296

    12   2   1  6     1   1   1  2     1   12   2   1  5   0.0808638
                                       2                   0.4026023

             2  6             1  2     1            1  5   0.3935586
                                       2                   0.0084094

    12   2   1  6     1   1   1  2     1   12   2   1  6   0.4963346
                                       2                  -0.1047618

             1  6             1  2     1            2  6  -0.1035239
                                       2                  -0.5939219

             2  6             1  2     1            1  6  -0.1035239
                                       2                  -0.5939219

             2  6             1  2     1            2  6   0.3609538
                                       2                  -0.1194619

    12   2   1  6     1   1   1  2     1   12   2   1  7   0.0880377
                                       2                   0.5300136

             2  6             1  2     1            1  7  -0.3158999
                                       2                  -0.0537656

    12   2   1  6     1   1   1  2     1   12   2   1  8  -0.4883234
                                       2                   0.0625651

             1  6             1  2     1            2  8  -0.0482892
                                       2                  -0.2586426

             2  6             1  2     1            1  8  -0.0410384
                                       2                  -0.1327282

             2  6             1  2     1            2  8  -0.4494127
                                       2                   0.1113539

    12   2   1  7     1   1   1  2     1   12   2   1  5  -0.5313516
                                       2                   0.1215737

    12   2   1  7     1   1   1  2     1   12   2   1  6  -0.0945677
                                       2                  -0.5693259

             1  7             1  2     1            2  6   0.3393309
                                       2                   0.0577535

    12   2   1  7     1   1   1  2     1   12   2   1  7   0.3920339
                                       2                  -0.1470180

    12   2   1  7     1   1   1  2     1   12   2   1  8  -0.0838364
                                       2                  -0.3870254

             1  7             1  2     1            2  8  -0.2723920
                                       2                  -0.0627925

    12   2   1  7     1   1   1  2     1   12   2   1  9  -0.4383609
                                       2                   0.1002973

    12   2   1  8     1   1   1  2     1   12   2   1  6  -0.5584191
                                       2                   0.0715459

             1  8             1  2     1            2  6  -0.0469292
                                       2                  -0.1517805

             2  8             1  2     1            1  6  -0.0552209
                                       2                  -0.2957691

             2  8             1  2     1            2  6  -0.5139231
                                       2                   0.1273380

    12   2   1  8     1   1   1  2     1   12   2   1  7   0.0892507
                                       2                   0.4120201

             2  8             1  2     1            1  7   0.2899834
                                       2                   0.0668477

    12   2   1  8     1   1   1  2     1   12   2   1  8   0.4910336
                                       2                  -0.1221710

             1  8             1  2     1            2  8  -0.1042754
                                       2                  -0.5981933

             2  8             1  2     1            1  8  -0.1042754
                                       2                  -0.5981933

             2  8             1  2     1            2  8   0.4223357
                                       2                  -0.1152099

    12   2   1  8     1   1   1  2     1   12   2   1  9   0.0855917
                                       2                   0.5077996

             2  8             1  2     1            1  9  -0.2464934
                                       2                  -0.1187365

    12   2   1  8     1   1   1  2     1   12   2   1 10  -0.4382604
                                       2                   0.0398920

             1  8             1  2     1            2 10  -0.0496925
                                       2                  -0.2218707

             2  8             1  2     1            1 10  -0.0530873
                                       2                  -0.1199235

             2  8             1  2     1            2 10  -0.4108682
                                       2                   0.1073876

    12   2   1  9     1   1   1  2     1   12   2   1  7  -0.4933589
                                       2                   0.1128809

    12   2   1  9     1   1   1  2     1   12   2   1  8  -0.0904866
                                       2                  -0.5368398

             1  9             1  2     1            2  8   0.2605899
                                       2                   0.1255268

    12   2   1  9     1   1   1  2     1   12   2   1  9   0.4313208
                                       2                  -0.1561537

    12   2   1  9     1   1   1  2     1   12   2   1 10  -0.0931781
                                       2                  -0.3894137

             1  9             1  2     1            2 10  -0.2112470
                                       2                  -0.1108996

    12   2   1  9     1   1   1  2     1   12   2   1 11  -0.3849438
                                       2                   0.0880755

    12   2   1 10     1   1   1  2     1   12   2   1  8  -0.4870992
                                       2                   0.0443374

             1 10             1  2     1            2  8  -0.0590032
                                       2                  -0.1332875

             2 10             1  2     1            1  8  -0.0552302
                                       2                  -0.2465955

             2 10             1  2     1            2  8  -0.4566544
                                       2                   0.1193547

    12   2   1 10     1   1   1  2     1   12   2   1  9   0.0979596
                                       2                   0.4093965

             2 10             1  2     1            1  9   0.2220871
                                       2                   0.1165905

    12   2   1 10     1   1   1  2     1   12   2   1 10   0.4846097
                                       2                  -0.1506578

             1 10             1  2     1            2 10  -0.1045040
                                       2                  -0.5995566

             2 10             1  2     1            1 10  -0.1045040
                                       2                  -0.5995566

             2 10             1  2     1            2 10   0.4557356
                                       2                  -0.0930521

    12   2   1 10     1   1   1  2     1   12   2   1 11   0.0839943
                                       2                   0.4798584

             2 10             1  2     1            1 11  -0.1994148
                                       2                  -0.1863257

    12   2   1 10     1   1   1  2     1   12   2   1 12  -0.3591985
                                       2                   0.0057594

             1 10             1  2     1            2 12  -0.0566410
                                       2                  -0.1726772

             2 10             1  2     1            1 12  -0.0726049
                                       2                  -0.0866098

             2 10             1  2     1            2 12  -0.3306239
                                       2                   0.0921933

    12   2   1 11     1   1   1  2     1   12   2   1  9  -0.4235303
                                       2                   0.0969041

    12   2   1 11     1   1   1  2     1   12   2   1 10  -0.0879031
                                       2                  -0.5021892

             1 11             1  2     1            2 10   0.2086949
                                       2                   0.1949966

    12   2   1 11     1   1   1  2     1   12   2   1 11   0.4518307
                                       2                  -0.1609231

    12   2   1 11     1   1   1  2     1   12   2   1 12  -0.1054956
                                       2                  -0.3822698

             1 11             1  2     1            2 12  -0.1623729
                                       2                  -0.1567612

    12   2   1 11     1   1   1  2     1   12   2   1 13  -0.2881558
                                       2                   0.0659303

    12   2   1 12     1   1   1  2     1   12   2   1 10  -0.3919177
                                       2                   0.0062840

             1 12             1  2     1            2 10  -0.0792184
                                       2                  -0.0944991

             2 12             1  2     1            1 10  -0.0618004
                                       2                  -0.1884062

             2 12             1  2     1            2 10  -0.3607403
                                       2                   0.1005911

    12   2   1 12     1   1   1  2     1   12   2   1 11   0.1099868
                                       2                   0.3985438

             2 12             1  2     1            1 11   0.1692855
                                       2                   0.1634349

    12   2   1 12     1   1   1  2     1   12   2   1 12   0.4740736
                                       2                  -0.2026275

             1 12             1  2     1            2 12  -0.1038335
                                       2                  -0.5961765

             2 12             1  2     1            1 12  -0.1038335
                                       2                  -0.5961765

             2 12             1  2     1            2 12   0.4813023
                                       2                  -0.0446089

    12   2   1 12     1   1   1  2     1   12   2   1 13   0.0829840
                                       2                   0.4351156

             2 12             1  2     1            1 13  -0.1651113
                                       2                  -0.2669689

    12   2   1 12     1   1   1  2     1   12   2   1 14  -0.2365016
                                       2                  -0.0899996

             2 12             1  2     1            1 14  -0.1914322
                                       2                   0.0111904

    12   2   1 13     1   1   1  2     1   12   2   1 11  -0.3122090
                                       2                   0.0714337

    12   2   1 13     1   1   1  2     1   12   2   1 12  -0.0862395
                                       2                  -0.4521854

             1 13             1  2     1            2 12   0.1715887
                                       2                   0.2774422

    12   2   1 13     1   1   1  2     1   12   2   1 13   0.4638797
                                       2                  -0.1637251

    12   2   1 13     1   1   1  2     1   12   2   1 14  -0.1665211
                                       2                  -0.4187734

    12   2   1 14     1   1   1  2     1   12   2   1 12  -0.2547200
                                       2                  -0.0969325

             1 14             1  2     1            2 12  -0.2061788
                                       2                   0.0120524

    12   2   1 14     1   1   1  2     1   12   2   1 13   0.1725784
                                       2                   0.4340065

    12   2   1 14     1   1   1  2     1   12   2   1 14   0.3790912
                                       2                  -0.7267911

    10   0   1  0     1   1   1  2     1   10   0   1  2  -0.4472136

    10   0   1  2     1   1   1  2     1   10   0   1  0  -1.0000000

    10   0   1  2     1   1   1  2     1   10   0   1  2   0.5391283

    10   0   1  2     1   1   1  2     1   10   0   1  4  -0.5135526

    10   0   1  4     1   1   1  2     1   10   0   1  2  -0.6890031

    10   0   1  4     1   1   1  2     1   10   0   1  4   0.5140387

    10   0   1  4     1   1   1  2     1   10   0   1  6  -0.4968973

    10   0   1  6     1   1   1  2     1   10   0   1  4  -0.5971962

    10   0   1  6     1   1   1  2     1   10   0   1  6   0.5088723

    10   0   1  6     1   1   1  2     1   10   0   1  8  -0.4388385

    10   0   1  8     1   1   1  2     1   10   0   1  6  -0.5018310

    10   0   1  8     1   1   1  2     1   10   0   1  8   0.5069557

    10   0   1  8     1   1   1  2     1   10   0   1 10  -0.3306233

    10   0   1 10     1   1   1  2     1   10   0   1  8  -0.3674672

    10   0   1 10     1   1   1  2     1   10   0   1 10   0.5060364

     8   4   1  0     1   1   1  2     1    8   4   1  2  -0.4196776
                                       2                   0.1545016

             1  0             1  2     1            2  2  -0.1545016
                                       2                  -0.4196776

     8   4   1  2     1   1   1  2     1    8   4   1  0  -0.9384276
                                       2                   0.3454761

             2  2             1  2     1            1  0  -0.3454761
                                       2                  -0.9384276

     8   4   1  2     1   1   1  2     1    8   4   1  2   0.5035460
                                       2                  -0.1932450

             1  2             1  2     1            2  2  -0.1910481
                                       2                  -0.4975783

             2  2             1  2     1            1  2  -0.1910481
                                       2                  -0.4975783

             2  2             1  2     1            2  2  -0.5035460
                                       2                   0.1748378

     8   4   1  2     1   1   1  2     1    8   4   1  3   0.2064614
                                       2                   0.5608177

             2  2             1  2     1            1  3  -0.5608177
                                       2                   0.2064614

     8   4   1  2     1   1   1  2     1    8   4   1  4  -0.4825028
                                       2                   0.1675806

             1  2             1  2     1            2  4  -0.1170813
                                       2                  -0.3143805

             1  2             1  2     1            3  4   0.0001596
                                       2                  -0.0002208

             2  2             1  2     1            1  4  -0.0368006
                                       2                  -0.0726641

             2  2             1  2     1            2  4  -0.3100532
                                       2                   0.1288357

             2  2             1  2     1            3  4  -0.1488207
                                       2                  -0.4038062

     8   4   1  3     1   1   1  2     1    8   4   1  2  -0.2442885
                                       2                  -0.6635685

             1  3             1  2     1            2  2   0.6635685
                                       2                  -0.2442885

     8   4   1  3     1   1   1  2     1    8   4   1  3   0.0000000
                                       2                  -0.0444578

     8   4   1  3     1   1   1  2     1    8   4   1  4  -0.1282505
                                       2                  -0.2945326

             1  3             1  2     1            2  4  -0.4770167
                                       2                   0.1623913

             1  3             1  2     1            3  4   0.1149524
                                       2                   0.3000266

     8   4   1  3     1   1   1  2     1    8   4   1  5  -0.3808508
                                       2                   0.1510520

             1  3             1  2     1            2  5  -0.1220800
                                       2                  -0.3318149

     8   4   1  4     1   1   1  2     1    8   4   1  2  -0.6473454
                                       2                   0.2248329

             1  4             1  2     1            2  2  -0.0493731
                                       2                  -0.0974891

             2  4             1  2     1            1  2  -0.1570810
                                       2                  -0.4217857

             2  4             1  2     1            2  2  -0.4159800
                                       2                   0.1728512

             3  4             1  2     1            1  2   0.0002141
                                       2                  -0.0002963

             3  4             1  2     1            2  2  -0.1996639
                                       2                  -0.5417628

     8   4   1  4     1   1   1  2     1    8   4   1  3   0.1454224
                                       2                   0.3339686

             2  4             1  2     1            1  3   0.5408861
                                       2                  -0.1841344

             3  4             1  2     1            1  3  -0.1303438
                                       2                  -0.3401981

     8   4   1  4     1   1   1  2     1    8   4   1  4   0.4738440
                                       2                  -0.1976177

             1  4             1  2     1            2  4  -0.2118334
                                       2                  -0.5516361

             1  4             1  2     1            3  4   0.0003936
                                       2                  -0.0004354

             2  4             1  2     1            1  4  -0.2118334
                                       2                  -0.5516361

             2  4             1  2     1            2  4   0.1995878
                                       2                  -0.1111520

             2  4             1  2     1            3  4  -0.0730282
                                       2                  -0.1688331

             3  4             1  2     1            1  4   0.0003936
                                       2                  -0.0004354

             3  4             1  2     1            2  4  -0.0730282
                                       2                  -0.1688331

             3  4             1  2     1            3  4  -0.6734318
                                       2                   0.2052209

     8   4   1  4     1   1   1  2     1    8   4   1  5   0.1921876
                                       2                   0.5238883

             1  4             1  2     1            2  5  -0.0005778
                                       2                   0.0007165

             2  4             1  2     1            1  5  -0.4043241
                                       2                   0.1011993

             2  4             1  2     1            2  5   0.1259515
                                       2                   0.3347504

             3  4             1  2     1            1  5  -0.0337697
                                       2                  -0.0589311

             3  4             1  2     1            2  5  -0.5278733
                                       2                   0.2198953

     8   4   1  4     1   1   1  2     1    8   4   1  6  -0.4681061
                                       2                   0.1414916

             1  4             1  2     1            2  6  -0.1084199
                                       2                  -0.2605976

             1  4             1  2     1            3  6   0.0004815
                                       2                  -0.0008853

             2  4             1  2     1            1  6  -0.0686709
                                       2                  -0.0974826

             2  4             1  2     1            2  6  -0.3978745
                                       2                   0.1607422

             2  4             1  2     1            3  6  -0.1070481
                                       2                  -0.2847047

             3  4             1  2     1            1  6   0.0002431
                                       2                  -0.0003443

             3  4             1  2     1            2  6  -0.0116224
                                       2                  -0.0104790

             3  4             1  2     1            3  6  -0.2076492
                                       2                   0.1228508

     8   4   1  5     1   1   1  2     1    8   4   1  3  -0.4774217
                                       2                   0.1893537

             2  5             1  2     1            1  3  -0.1530354
                                       2                  -0.4159520

     8   4   1  5     1   1   1  2     1    8   4   1  4  -0.2124714
                                       2                  -0.5791804

             1  5             1  2     1            2  4   0.4469972
                                       2                  -0.1118801

             1  5             1  2     1            3  4   0.0373338
                                       2                   0.0651507

             2  5             1  2     1            1  4   0.0006388
                                       2                  -0.0007921

             2  5             1  2     1            2  4  -0.1392446
                                       2                  -0.3700805

             2  5             1  2     1            3  4   0.5835859
                                       2                  -0.2431034

     8   4   1  5     1   1   1  2     1    8   4   1  5   0.2844150
                                       2                  -0.1706323

             1  5             1  2     1            2  5  -0.0952728
                                       2                  -0.2199873

             2  5             1  2     1            1  5  -0.0952728
                                       2                  -0.2199873

             2  5             1  2     1            2  5  -0.2844150
                                       2                  -0.0142082

     8   4   1  5     1   1   1  2     1    8   4   1  6  -0.1598395
                                       2                  -0.3304595

             1  5             1  2     1            2  6  -0.3311382
                                       2                   0.0792058

             1  5             1  2     1            3  6   0.1266833
                                       2                   0.3416671

             2  5             1  2     1            1  6   0.0009019
                                       2                  -0.0010656

             2  5             1  2     1            2  6  -0.0521180
                                       2                  -0.0828137

             2  5             1  2     1            3  6  -0.5407080
                                       2                   0.1839583

     8   4   1  5     1   1   1  2     1    8   4   1  7  -0.4012282
                                       2                   0.1449798

             1  5             1  2     1            2  7  -0.0981214
                                       2                  -0.2482324

             2  5             1  2     1            1  7  -0.0207309
                                       2                  -0.0121900

             2  5             1  2     1            2  7  -0.2698066
                                       2                   0.1624761

     8   4   1  6     1   1   1  2     1    8   4   1  4  -0.5625935
                                       2                   0.1700517

             1  6             1  2     1            2  4  -0.0825322
                                       2                  -0.1171595

             1  6             1  2     1            3  4   0.0002922
                                       2                  -0.0004138

             2  6             1  2     1            1  4  -0.1303045
                                       2                  -0.3131993

             2  6             1  2     1            2  4  -0.4781856
                                       2                   0.1931881

             2  6             1  2     1            3  4  -0.0139684
                                       2                  -0.0125942

             3  6             1  2     1            1  4   0.0005787
                                       2                  -0.0010640

             3  6             1  2     1            2  4  -0.1286558
                                       2                  -0.3421724

             3  6             1  2     1            3  4  -0.2495633
                                       2                   0.1476483

     8   4   1  6     1   1   1  2     1    8   4   1  5   0.1737639
                                       2                   0.3592474

             1  6             1  2     1            2  5  -0.0009804
                                       2                   0.0011584

             2  6             1  2     1            1  5   0.3599851
                                       2                  -0.0861058

             2  6             1  2     1            2  5   0.0566583
                                       2                   0.0900280

             3  6             1  2     1            1  5  -0.1377193
                                       2                  -0.3714313

             3  6             1  2     1            2  5   0.5878115
                                       2                  -0.1999837

     8   4   1  6     1   1   1  2     1    8   4   1  6   0.4574762
                                       2                  -0.2203512

             1  6             1  2     1            2  6  -0.2156083
                                       2                  -0.5616453

             1  6             1  2     1            3  6   0.0014716
                                       2                  -0.0014191

             2  6             1  2     1            1  6  -0.2156083
                                       2                  -0.5616453

             2  6             1  2     1            2  6   0.3547845
                                       2                  -0.1553104

             2  6             1  2     1            3  6  -0.1083399
                                       2                  -0.2490062

             3  6             1  2     1            1  6   0.0014716
                                       2                  -0.0014191

             3  6             1  2     1            2  6  -0.1083399
                                       2                  -0.2490062

             3  6             1  2     1            3  6  -0.0628079
                                       2                  -0.1363089

     8   4   1  6     1   1   1  2     1    8   4   1  7   0.1853616
                                       2                   0.4941202

             1  6             1  2     1            2  7  -0.0013426
                                       2                   0.0018897

             2  6             1  2     1            1  7  -0.2977646
                                       2                   0.0135810

             2  6             1  2     1            2  7   0.1255333
                                       2                   0.3412857

             3  6             1  2     1            1  7  -0.0665214
                                       2                  -0.0950524

             3  6             1  2     1            2  7  -0.5033060
                                       2                   0.1226562

     8   4   1  6     1   1   1  2     1    8   4   1  8  -0.4154999
                                       2                   0.0869868

             1  6             1  2     1            2  8  -0.1126353
                                       2                  -0.2008665

             1  6             1  2     1            3  8   0.0013739
                                       2                  -0.0031687

             2  6             1  2     1            1  8  -0.1002418
                                       2                  -0.0742635

             2  6             1  2     1            2  8  -0.3660710
                                       2                   0.1340587

             2  6             1  2     1            3  8  -0.0943222
                                       2                  -0.2163963

             3  6             1  2     1            1  8   0.0018889
                                       2                  -0.0026068

             3  6             1  2     1            2  8  -0.0320202
                                       2                  -0.0074552

             3  6             1  2     1            3  8  -0.2896955
                                       2                   0.1787421

     8   4   1  7     1   1   1  2     1    8   4   1  5  -0.4685336
                                       2                   0.1692999

             1  7             1  2     1            2  5  -0.0242085
                                       2                  -0.0142349

             2  7             1  2     1            1  5  -0.1145811
                                       2                  -0.2898729

             2  7             1  2     1            2  5  -0.3150662
                                       2                   0.1897312

     8   4   1  7     1   1   1  2     1    8   4   1  6  -0.1991102
                                       2                  -0.5307702

             1  7             1  2     1            2  6   0.3198505
                                       2                  -0.0145883

             1  7             1  2     1            3  6   0.0714555
                                       2                   0.1021027

             2  7             1  2     1            1  6   0.0014422
                                       2                  -0.0020298

             2  7             1  2     1            2  6  -0.1348444
                                       2                  -0.3665996

             2  7             1  2     1            3  6   0.5406374
                                       2                  -0.1317539

     8   4   1  7     1   1   1  2     1    8   4   1  7   0.3651656
                                       2                  -0.2152982

             1  7             1  2     1            2  7  -0.1157543
                                       2                  -0.2660062

             2  7             1  2     1            1  7  -0.1157543
                                       2                  -0.2660062

             2  7             1  2     1            2  7   0.0766898
                                       2                  -0.2098588

     8   4   1  7     1   1   1  2     1    8   4   1  8  -0.1863996
                                       2                  -0.3294725

             1  7             1  2     1            2  8  -0.2309196
                                       2                   0.0216981

             1  7             1  2     1            3  8   0.1220012
                                       2                   0.3348252

             2  7             1  2     1            1  8   0.0037463
                                       2                  -0.0039260

             2  7             1  2     1            2  8  -0.0825126
                                       2                  -0.1000647

             2  7             1  2     1            3  8  -0.4556866
                                       2                   0.0558411

     8   4   1  7     1   1   1  2     1    8   4   1  9  -0.3474092
                                       2                   0.0976055

             1  7             1  2     1            2  9  -0.0934076
                                       2                  -0.1838062

             2  7             1  2     1            1  9  -0.0438670
                                       2                   0.0032207

             2  7             1  2     1            2  9  -0.2808754
                                       2                   0.1790445

     8   4   1  8     1   1   1  2     1    8   4   1  6  -0.4751423
                                       2                   0.0994732

             1  8             1  2     1            2  6  -0.1146308
                                       2                  -0.0849235

             1  8             1  2     1            3  6   0.0021601
                                       2                  -0.0029810

             2  8             1  2     1            1  6  -0.1288034
                                       2                  -0.2296996

             2  8             1  2     1            2  6  -0.4186182
                                       2                   0.1533020

             2  8             1  2     1            3  6  -0.0366165
                                       2                  -0.0085253

             3  8             1  2     1            1  6   0.0015712
                                       2                  -0.0036236

             3  8             1  2     1            2  6  -0.1078616
                                       2                  -0.2474586

             3  8             1  2     1            3  6  -0.3312794
                                       2                   0.2043994

     8   4   1  8     1   1   1  2     1    8   4   1  7   0.1984375
                                       2                   0.3507503

             1  8             1  2     1            2  7  -0.0039883
                                       2                   0.0041795

             2  8             1  2     1            1  7   0.2458327
                                       2                  -0.0230994

             2  8             1  2     1            2  7   0.0878414
                                       2                   0.1065270

             3  8             1  2     1            1  7  -0.1298802
                                       2                  -0.3564486

             3  8             1  2     1            2  7   0.4851155
                                       2                  -0.0594474

     8   4   1  8     1   1   1  2     1    8   4   1  8   0.4343057
                                       2                  -0.2649481

             1  8             1  2     1            2  8  -0.2150527
                                       2                  -0.5618115

             1  8             1  2     1            3  8   0.0039537
                                       2                  -0.0024462

             2  8             1  2     1            1  8  -0.2150527
                                       2                  -0.5618115

             2  8             1  2     1            2  8   0.4225623
                                       2                  -0.1453189

             2  8             1  2     1            3  8  -0.1248912
                                       2                  -0.2828513

             3  8             1  2     1            1  8   0.0039537
                                       2                  -0.0024462

             3  8             1  2     1            2  8  -0.1248912
                                       2                  -0.2828513

             3  8             1  2     1            3  8   0.1725764
                                       2                  -0.2542901

     8   4   1  8     1   1   1  2     1    8   4   1  9   0.1828242
                                       2                   0.4553670

             1  8             1  2     1            2  9  -0.0027522
                                       2                   0.0049630

             2  8             1  2     1            1  9  -0.2331139
                                       2                  -0.0647118

             2  8             1  2     1            2  9   0.1216518
                                       2                   0.3309346

             3  8             1  2     1            1  9  -0.0938686
                                       2                  -0.0956549

             3  8             1  2     1            2  9  -0.4080679
                                       2                  -0.0147963

     8   4   1  8     1   1   1  2     1    8   4   1 10  -0.3383498
                                       2                  -0.0658239

             1  8             1  2     1            2 10   0.0570234
                                       2                  -0.0355376

             2  8             1  2     1            1 10  -0.2745337
                                       2                   0.0132977

             2  8             1  2     1            2 10  -0.1155749
                                       2                  -0.1239944

             3  8             1  2     1            1 10  -0.0529499
                                       2                   0.0206615

             3  8             1  2     1            2 10  -0.2463390
                                       2                   0.1630035

     8   4   1  9     1   1   1  2     1    8   4   1  7  -0.3909962
                                       2                   0.1098514

             1  9             1  2     1            2  7  -0.0493706
                                       2                   0.0036247

             2  9             1  2     1            1  7  -0.1051268
                                       2                  -0.2068671

             2  9             1  2     1            2  7  -0.3161149
                                       2                   0.2015079

     8   4   1  9     1   1   1  2     1    8   4   1  8  -0.1932796
                                       2                  -0.4814087

             1  9             1  2     1            2  8   0.2464453
                                       2                   0.0684126

             1  9             1  2     1            3  8   0.0992368
                                       2                   0.1011253

             2  9             1  2     1            1  8   0.0029096
                                       2                  -0.0052468

             2  9             1  2     1            2  8  -0.1286089
                                       2                  -0.3498602

             2  9             1  2     1            3  8   0.4314046
                                       2                   0.0156425

     8   4   1  9     1   1   1  2     1    8   4   1  9   0.3906023
                                       2                  -0.2468644

             1  9             1  2     1            2  9  -0.1261285
                                       2                  -0.2876893

             2  9             1  2     1            1  9  -0.1261285
                                       2                  -0.2876893

             2  9             1  2     1            2  9   0.2422361
                                       2                  -0.2821665

     8   4   1  9     1   1   1  2     1    8   4   1 10  -0.2513526
                                       2                  -0.2335830

             1  9             1  2     1            2 10   0.1307907
                                       2                   0.3697085

             2  9             1  2     1            1 10  -0.0900083
                                       2                  -0.0666170

             2  9             1  2     1            2 10  -0.3669329
                                       2                  -0.1010036

     8   4   1  9     1   1   1  2     1    8   4   1 11  -0.2361539
                                       2                  -0.0687044

             2  9             1  2     1            1 11  -0.1876450
                                       2                   0.1330527

     8   4   1 10     1   1   1  2     1    8   4   1  8  -0.3760548
                                       2                  -0.0731592

             1 10             1  2     1            2  8  -0.3051271
                                       2                   0.0147795

             1 10             1  2     1            3  8  -0.0588505
                                       2                   0.0229640

             2 10             1  2     1            1  8   0.0633779
                                       2                  -0.0394979

             2 10             1  2     1            2  8  -0.1284544
                                       2                  -0.1378121

             2 10             1  2     1            3  8  -0.2737905
                                       2                   0.1811682

     8   4   1 10     1   1   1  2     1    8   4   1  9   0.2642508
                                       2                   0.2455693

             1 10             1  2     1            2  9   0.0946271
                                       2                   0.0700354

             2 10             1  2     1            1  9  -0.1375022
                                       2                  -0.3886800

             2 10             1  2     1            2  9   0.3857621
                                       2                   0.1061865

     8   4   1 10     1   1   1  2     1    8   4   1 10   0.2114262
                                       2                  -0.8092868

             1 10             1  2     1            2 10  -0.0776800
                                       2                  -0.1596113

             2 10             1  2     1            1 10  -0.0776800
                                       2                  -0.1596113

             2 10             1  2     1            2 10   0.2759624
                                       2                  -0.3521048

     8   4   1 10     1   1   1  2     1    8   4   1 11   0.0461144
                                       2                   0.2846846

             2 10             1  2     1            1 11  -0.3371860
                                       2                  -0.2059325

     8   4   1 10     1   1   1  2     1    8   4   1 12  -0.3247758
                                       2                  -0.0560702

             2 10             1  2     1            1 12  -0.0756753
                                       2                   0.0893671

     8   4   1 11     1   1   1  2     1    8   4   1  9  -0.2598257
                                       2                  -0.0755913

             1 11             1  2     1            2  9  -0.2064544
                                       2                   0.1463898

     8   4   1 11     1   1   1  2     1    8   4   1 10  -0.0482604
                                       2                  -0.2979328

             1 11             1  2     1            2 10   0.3528774
                                       2                   0.2155158

     8   4   1 11     1   1   1  2     1    8   4   1 11   0.2341875
                                       2                  -0.5929093

     8   4   1 11     1   1   1  2     1    8   4   1 12  -0.2527490
                                       2                  -0.1860182

     8   4   1 12     1   1   1  2     1    8   4   1 10  -0.3543595
                                       2                  -0.0611776

             1 12             1  2     1            2 10  -0.0825685
                                       2                   0.0975075

     8   4   1 12     1   1   1  2     1    8   4   1 11   0.2635091
                                       2                   0.1939374

     8   4   1 12     1   1   1  2     1    8   4   1 12   0.1853951
                                       2                  -0.8732612

     6   2   1  0     1   1   1  2     1    6   2   1  2  -0.4297511
                                       2                   0.1237497

             1  0             1  2     1            2  2  -0.1237497
                                       2                  -0.4297511

     6   2   1  2     1   1   1  2     1    6   2   1  0  -0.9609527
                                       2                   0.2767128

             2  2             1  2     1            1  0  -0.2767128
                                       2                  -0.9609527

     6   2   1  2     1   1   1  2     1    6   2   1  2   0.5193221
                                       2                  -0.1596226

             1  2             1  2     1            2  2  -0.1564530
                                       2                  -0.5083147

             2  2             1  2     1            1  2  -0.1564530
                                       2                  -0.5083147

             2  2             1  2     1            2  2  -0.5193221
                                       2                   0.1182274

     6   2   1  2     1   1   1  2     1    6   2   1  3   0.1653675
                                       2                   0.5742791

             2  2             1  2     1            1  3  -0.5742791
                                       2                   0.1653675

     6   2   1  2     1   1   1  2     1    6   2   1  4  -0.4761132
                                       2                   0.1231950

             1  2             1  2     1            2  4  -0.0931391
                                       2                  -0.3146527

             2  2             1  2     1            1  4  -0.0333935
                                       2                  -0.0676784

             2  2             1  2     1            2  4  -0.3051232
                                       2                   0.1262327

     6   2   1  3     1   1   1  2     1    6   2   1  2  -0.1956655
                                       2                  -0.6794961

             1  3             1  2     1            2  2   0.6794961
                                       2                  -0.1956655

     6   2   1  3     1   1   1  2     1    6   2   1  3  -0.0000000
                                       2                  -0.0999790

     6   2   1  3     1   1   1  2     1    6   2   1  4  -0.1108406
                                       2                  -0.2917953

             1  3             1  2     1            2  4  -0.4857571
                                       2                   0.0996711

     6   2   1  3     1   1   1  2     1    6   2   1  5  -0.3614167
                                       2                   0.1455470

     6   2   1  4     1   1   1  2     1    6   2   1  2  -0.6387728
                                       2                   0.1652834

             1  4             1  2     1            2  2  -0.0448021
                                       2                  -0.0908001

             2  4             1  2     1            1  2  -0.1249593
                                       2                  -0.4221509

             2  4             1  2     1            2  2  -0.4093657
                                       2                   0.1693590

     6   2   1  4     1   1   1  2     1    6   2   1  3   0.1256814
                                       2                   0.3308648

             2  4             1  2     1            1  3   0.5507968
                                       2                  -0.1130164

     6   2   1  4     1   1   1  2     1    6   2   1  4   0.4880095
                                       2                  -0.1712911

             1  4             1  2     1            2  4  -0.1739499
                                       2                  -0.5648007

             2  4             1  2     1            1  4  -0.1739499
                                       2                  -0.5648007

             2  4             1  2     1            2  4   0.2076709
                                       2                  -0.1575463

     6   2   1  4     1   1   1  2     1    6   2   1  5   0.1525690
                                       2                   0.5306136

             2  4             1  2     1            1  5  -0.4094286
                                       2                   0.0099497

     6   2   1  4     1   1   1  2     1    6   2   1  6  -0.4193052
                                       2                   0.0754811

             1  4             1  2     1            2  6  -0.0901056
                                       2                  -0.2392555

             2  4             1  2     1            1  6  -0.0712106
                                       2                  -0.0718050

             2  4             1  2     1            2  6  -0.3523246
                                       2                   0.1519592

     6   2   1  5     1   1   1  2     1    6   2   1  3  -0.4530598
                                       2                   0.1824528

     6   2   1  5     1   1   1  2     1    6   2   1  4  -0.1686713
                                       2                  -0.5866155

             1  5             1  2     1            2  4   0.4526404
                                       2                  -0.0109998

     6   2   1  5     1   1   1  2     1    6   2   1  5   0.2962314
                                       2                  -0.2212550

     6   2   1  5     1   1   1  2     1    6   2   1  6  -0.1468412
                                       2                  -0.3159253

             1  5             1  2     1            2  6  -0.3280934
                                       2                  -0.0304737

     6   2   1  5     1   1   1  2     1    6   2   1  7  -0.3226553
                                       2                   0.1299373

     6   2   1  6     1   1   1  2     1    6   2   1  4  -0.5039422
                                       2                   0.0907170

             1  6             1  2     1            2  4  -0.0855845
                                       2                  -0.0862989

             2  6             1  2     1            1  4  -0.1082934
                                       2                  -0.2875494

             2  6             1  2     1            2  4  -0.4234415
                                       2                   0.1826322

     6   2   1  6     1   1   1  2     1    6   2   1  5   0.1596332
                                       2                   0.3434470

             2  6             1  2     1            1  5   0.3566752
                                       2                   0.0331284

     6   2   1  6     1   1   1  2     1    6   2   1  6   0.4669932
                                       2                  -0.2126342

             1  6             1  2     1            2  6  -0.1777365
                                       2                  -0.5767540

             2  6             1  2     1            1  6  -0.1777365
                                       2                  -0.5767540

             2  6             1  2     1            2  6   0.3762988
                                       2                  -0.1772056

     6   2   1  6     1   1   1  2     1    6   2   1  7   0.1463463
                                       2                   0.4800356

             2  6             1  2     1            1  7  -0.2947090
                                       2                  -0.1407441

     6   2   1  6     1   1   1  2     1    6   2   1  8  -0.2882996
                                       2                  -0.0955011

             2  6             1  2     1            1  8  -0.2350089
                                       2                   0.0619062

     6   2   1  7     1   1   1  2     1    6   2   1  5  -0.3767802
                                       2                   0.1517341

     6   2   1  7     1   1   1  2     1    6   2   1  6  -0.1572012
                                       2                  -0.5156409

             1  7             1  2     1            2  6   0.3165683
                                       2                   0.1511834

     6   2   1  7     1   1   1  2     1    6   2   1  7   0.3856334
                                       2                  -0.2578634

     6   2   1  7     1   1   1  2     1    6   2   1  8  -0.2759127
                                       2                  -0.3235363

     6   2   1  8     1   1   1  2     1    6   2   1  6  -0.3296832
                                       2                  -0.1092097

             1  8             1  2     1            2  6  -0.2687430
                                       2                   0.0707925

     6   2   1  8     1   1   1  2     1    6   2   1  7   0.2937315
                                       2                   0.3444307

     6   2   1  8     1   1   1  2     1    6   2   1  8   0.2738613
                                       2                  -0.7882302

     4   6   1  0     1   1   1  2     1    4   6   1  2  -0.3654648
                                       2                   0.2577508

             1  0             1  2     1            2  2  -0.2577508
                                       2                  -0.3654648

     4   6   1  2     1   1   1  2     1    4   6   1  0  -0.8172042
                                       2                   0.5763482

             2  2             1  2     1            1  0  -0.5763482
                                       2                  -0.8172042

     4   6   1  2     1   1   1  2     1    4   6   1  2   0.4334184
                                       2                  -0.3301789

             1  2             1  2     1            2  2  -0.3223778
                                       2                  -0.4223573

             2  2             1  2     1            1  2  -0.3223778
                                       2                  -0.4223573

             2  2             1  2     1            2  2  -0.4334184
                                       2                   0.3066941

     4   6   1  2     1   1   1  2     1    4   6   1  3   0.3444339
                                       2                   0.4883729

             2  2             1  2     1            1  3  -0.4883729
                                       2                   0.3444339

     4   6   1  2     1   1   1  2     1    4   6   1  4  -0.4047144
                                       2                   0.2380037

             1  2             1  2     1            2  4  -0.1990061
                                       2                  -0.2447104

             1  2             1  2     1            3  4  -0.0002436
                                       2                  -0.0050025

             2  2             1  2     1            1  4  -0.0693047
                                       2                  -0.0310182

             2  2             1  2     1            2  4  -0.2531689
                                       2                   0.1870128

             2  2             1  2     1            3  4  -0.2802832
                                       2                  -0.3900770

     4   6   1  3     1   1   1  2     1    4   6   1  2  -0.4075397
                                       2                  -0.5778506

             1  3             1  2     1            2  2   0.5778506
                                       2                  -0.4075397

     4   6   1  3     1   1   1  2     1    4   6   1  3   0.0000000
                                       2                  -0.0567210

     4   6   1  3     1   1   1  2     1    4   6   1  4  -0.2287485
                                       2                  -0.2035084

             1  3             1  2     1            2  4  -0.3947458
                                       2                   0.2637167

             1  3             1  2     1            3  4   0.2128591
                                       2                   0.2893667

     4   6   1  3     1   1   1  2     1    4   6   1  5  -0.3033949
                                       2                   0.1936173

             1  3             1  2     1            2  5  -0.2358727
                                       2                  -0.3051753

     4   6   1  4     1   1   1  2     1    4   6   1  2  -0.5429813
                                       2                   0.3193155

             1  4             1  2     1            2  2  -0.0929820
                                       2                  -0.0416153

             2  4             1  2     1            1  2  -0.2669948
                                       2                  -0.3283134

             2  4             1  2     1            2  2  -0.3396617
                                       2                   0.2509040

             3  4             1  2     1            1  2  -0.0003268
                                       2                  -0.0067116

             3  4             1  2     1            2  2  -0.3760394
                                       2                  -0.5233432

     4   6   1  4     1   1   1  2     1    4   6   1  3   0.2593765
                                       2                   0.2307569

             2  4             1  2     1            1  3   0.4475996
                                       2                  -0.2990266

             3  4             1  2     1            1  3  -0.2413596
                                       2                  -0.3281110

     4   6   1  4     1   1   1  2     1    4   6   1  4   0.3808964
                                       2                  -0.3386399

             1  4             1  2     1            2  4  -0.3570796
                                       2                  -0.4680875

             1  4             1  2     1            3  4   0.0002919
                                       2                  -0.0095434

             2  4             1  2     1            1  4  -0.3570796
                                       2                  -0.4680875

             2  4             1  2     1            2  4   0.2035539
                                       2                  -0.1605491

             2  4             1  2     1            3  4  -0.1383944
                                       2                  -0.1392562

             3  4             1  2     1            1  4   0.0002919
                                       2                  -0.0095434

             3  4             1  2     1            2  4  -0.1383944
                                       2                  -0.1392562

             3  4             1  2     1            3  4  -0.5844503
                                       2                   0.3670774

     4   6   1  4     1   1   1  2     1    4   6   1  5   0.3213674
                                       2                   0.4393514

             1  4             1  2     1            2  5   0.0009499
                                       2                   0.0177118

             2  4             1  2     1            1  5  -0.3503035
                                       2                   0.1597273

             2  4             1  2     1            2  5   0.2343162
                                       2                   0.3270049

             3  4             1  2     1            1  5  -0.0682603
                                       2                  -0.0171762

             3  4             1  2     1            2  5  -0.4491692
                                       2                   0.3419532

     4   6   1  4     1   1   1  2     1    4   6   1  6  -0.4046886
                                       2                   0.0123167

             1  4             1  2     1            2  6   0.0387677
                                       2                  -0.0554082

             1  4             1  2     1            3  6  -0.0036772
                                       2                   0.0039190

             2  4             1  2     1            1  6  -0.2910734
                                       2                   0.1003624

             2  4             1  2     1            2  6  -0.2222891
                                       2                  -0.2111788

             2  4             1  2     1            3  6   0.0050010
                                       2                  -0.0030818

             3  4             1  2     1            1  6  -0.0252265
                                       2                   0.0206192

             3  4             1  2     1            2  6  -0.1587044
                                       2                   0.1361851

             3  4             1  2     1            3  6  -0.2415886
                                       2                  -0.3381539

     4   6   1  5     1   1   1  2     1    4   6   1  3  -0.3803257
                                       2                   0.2427121

             2  5             1  2     1            1  3  -0.2956820
                                       2                  -0.3825575

     4   6   1  5     1   1   1  2     1    4   6   1  4  -0.3552850
                                       2                  -0.4857213

             1  5             1  2     1            2  4   0.3872751
                                       2                  -0.1765851

             1  5             1  2     1            3  4   0.0754646
                                       2                   0.0189890

             2  5             1  2     1            1  4  -0.0010502
                                       2                  -0.0195812

             2  5             1  2     1            2  4  -0.2590464
                                       2                  -0.3615175

             2  5             1  2     1            3  4   0.4965753
                                       2                  -0.3780435

     4   6   1  5     1   1   1  2     1    4   6   1  5   0.2376839
                                       2                  -0.2506905

             1  5             1  2     1            2  5  -0.1804119
                                       2                  -0.1804719

             2  5             1  2     1            1  5  -0.1804119
                                       2                  -0.1804719

             2  5             1  2     1            2  5  -0.2376839
                                       2                   0.0148639

     4   6   1  5     1   1   1  2     1    4   6   1  6  -0.3615927
                                       2                  -0.0504436

             1  5             1  2     1            2  6   0.2512749
                                       2                   0.3741797

             1  5             1  2     1            3  6  -0.0069306
                                       2                  -0.0033867

             2  5             1  2     1            1  6  -0.0958211
                                       2                   0.0023651

             2  5             1  2     1            2  6  -0.4483735
                                       2                   0.2701344

             2  5             1  2     1            3  6   0.1547850
                                       2                   0.1855789

     4   6   1  5     1   1   1  2     1    4   6   1  7  -0.3267079
                                       2                  -0.0802186

             1  5             1  2     1            2  7   0.0302375
                                       2                  -0.0230584

             2  5             1  2     1            1  7  -0.1838859
                                       2                   0.1334482

             2  5             1  2     1            2  7  -0.2158492
                                       2                  -0.2744300

     4   6   1  6     1   1   1  2     1    4   6   1  4  -0.4863751
                                       2                   0.0148029

             1  6             1  2     1            2  4  -0.3498267
                                       2                   0.1206206

             1  6             1  2     1            3  4  -0.0303184
                                       2                   0.0247812

             2  6             1  2     1            1  4   0.0465930
                                       2                  -0.0665924

             2  6             1  2     1            2  4  -0.2671582
                                       2                  -0.2538053

             2  6             1  2     1            3  4  -0.1907390
                                       2                   0.1636742

             3  6             1  2     1            1  4  -0.0044194
                                       2                   0.0047101

             3  6             1  2     1            2  4   0.0060105
                                       2                  -0.0037038

             3  6             1  2     1            3  4  -0.2903534
                                       2                  -0.4064104

     4   6   1  6     1   1   1  2     1    4   6   1  5   0.3930927
                                       2                   0.0548380

             1  6             1  2     1            2  5   0.1041685
                                       2                  -0.0025711

             2  6             1  2     1            1  5  -0.2731646
                                       2                  -0.4067762

             2  6             1  2     1            2  5   0.4874334
                                       2                  -0.2936671

             3  6             1  2     1            1  5   0.0075344
                                       2                   0.0036817

             3  6             1  2     1            2  5  -0.1682691
                                       2                  -0.2017455

     4   6   1  6     1   1   1  2     1    4   6   1  6  -0.0255578
                                       2                  -0.7903487

             1  6             1  2     1            2  6  -0.1418168
                                       2                  -0.1177469

             1  6             1  2     1            3  6   0.0023167
                                       2                  -0.0101180

             2  6             1  2     1            1  6  -0.1418168
                                       2                  -0.1177469

             2  6             1  2     1            2  6  -0.0585157
                                       2                  -0.2106586

             2  6             1  2     1            3  6  -0.0952284
                                       2                  -0.0324872

             3  6             1  2     1            1  6   0.0023167
                                       2                  -0.0101180

             3  6             1  2     1            2  6  -0.0952284
                                       2                  -0.0324872

             3  6             1  2     1            3  6  -0.6474832
                                       2                   0.3713163

     4   6   1  6     1   1   1  2     1    4   6   1  7   0.1442521
                                       2                   0.3753509

             1  6             1  2     1            2  7   0.0042362
                                       2                  -0.0110398

             2  6             1  2     1            1  7  -0.4169689
                                       2                   0.1397649

             2  6             1  2     1            2  7   0.1801136
                                       2                   0.2466086

             3  6             1  2     1            1  7  -0.0481710
                                       2                   0.0407150

             3  6             1  2     1            2  7  -0.3964929
                                       2                   0.3481810

     4   6   1  6     1   1   1  2     1    4   6   1  8  -0.4418857
                                       2                   0.0002562

             1  6             1  2     1            2  8   0.1020593
                                       2                  -0.0524370

             2  6             1  2     1            1  8  -0.1412755
                                       2                   0.0655198

             2  6             1  2     1            2  8  -0.2243200
                                       2                  -0.1883476

             3  6             1  2     1            1  8  -0.0244901
                                       2                   0.0400052

             3  6             1  2     1            2  8  -0.0744989
                                       2                   0.1426681

     4   6   1  7     1   1   1  2     1    4   6   1  5  -0.3815126
                                       2                  -0.0936751

             1  7             1  2     1            2  5  -0.2147324
                                       2                   0.1558339

             2  7             1  2     1            1  5   0.0353098
                                       2                  -0.0269264

             2  7             1  2     1            2  5  -0.2520575
                                       2                  -0.3204652

     4   6   1  7     1   1   1  2     1    4   6   1  6  -0.1549516
                                       2                  -0.4031916

             1  7             1  2     1            2  6   0.4478964
                                       2                  -0.1501316

             1  7             1  2     1            3  6   0.0517440
                                       2                  -0.0437350

             2  7             1  2     1            1  6  -0.0045504
                                       2                   0.0118587

             2  7             1  2     1            2  6  -0.1934731
                                       2                  -0.2649001

             2  7             1  2     1            3  6   0.4259017
                                       2                  -0.3740064

     4   6   1  7     1   1   1  2     1    4   6   1  7  -0.0631133
                                       2                  -0.5127103

             1  7             1  2     1            2  7  -0.1188057
                                       2                  -0.0176597

             2  7             1  2     1            1  7  -0.1188057
                                       2                  -0.0176597

             2  7             1  2     1            2  7  -0.3681911
                                       2                  -0.0158661

     4   6   1  7     1   1   1  2     1    4   6   1  8  -0.2933642
                                       2                   0.1192735

             1  7             1  2     1            2  8   0.1726617
                                       2                   0.2821449

             2  7             1  2     1            1  8  -0.1019362
                                       2                   0.0778508

             2  7             1  2     1            2  8  -0.4208180
                                       2                   0.2723426

     4   6   1  7     1   1   1  2     1    4   6   1  9  -0.3036706
                                       2                  -0.0633460

             2  7             1  2     1            1  9  -0.0592549
                                       2                   0.1663727

     4   6   1  8     1   1   1  2     1    4   6   1  6  -0.5053157
                                       2                   0.0002930

             1  8             1  2     1            2  6  -0.1615547
                                       2                   0.0749248

             1  8             1  2     1            3  6  -0.0280055
                                       2                   0.0457476

             2  8             1  2     1            1  6   0.1167093
                                       2                  -0.0599640

             2  8             1  2     1            2  6  -0.2565197
                                       2                  -0.2153838

             2  8             1  2     1            3  6  -0.0851927
                                       2                   0.1631472

     4   6   1  8     1   1   1  2     1    4   6   1  7   0.3123100
                                       2                  -0.1269763

             1  8             1  2     1            2  7   0.1085194
                                       2                  -0.0828785

             2  8             1  2     1            1  7  -0.1838124
                                       2                  -0.3003662

             2  8             1  2     1            2  7   0.4479950
                                       2                  -0.2899308

     4   6   1  8     1   1   1  2     1    4   6   1  8  -0.1241392
                                       2                  -0.8433852

             1  8             1  2     1            2  8  -0.0915563
                                       2                   0.0866194

             2  8             1  2     1            1  8  -0.0915563
                                       2                   0.0866194

             2  8             1  2     1            2  8  -0.1891175
                                       2                  -0.3333121

     4   6   1  8     1   1   1  2     1    4   6   1  9  -0.0133096
                                       2                   0.2929913

             2  8             1  2     1            1  9  -0.3919983
                                       2                   0.1430591

     4   6   1  8     1   1   1  2     1    4   6   1 10  -0.3534253
                                       2                   0.0304773

             2  8             1  2     1            1 10   0.0347527
                                       2                   0.1132144

     4   6   1  9     1   1   1  2     1    4   6   1  7  -0.3417700
                                       2                  -0.0712936

             1  9             1  2     1            2  7  -0.0666892
                                       2                   0.1872463

     4   6   1  9     1   1   1  2     1    4   6   1  8   0.0140708
                                       2                  -0.3097469

             1  9             1  2     1            2  8   0.4144160
                                       2                  -0.1512404

     4   6   1  9     1   1   1  2     1    4   6   1  9  -0.1479294
                                       2                  -0.6003940

     4   6   1  9     1   1   1  2     1    4   6   1 10  -0.2881299
                                       2                   0.1172194

     4   6   1 10     1   1   1  2     1    4   6   1  8  -0.3928102
                                       2                   0.0338736

             1 10             1  2     1            2  8   0.0386254
                                       2                   0.1258308

     4   6   1 10     1   1   1  2     1    4   6   1  9   0.3029153
                                       2                  -0.1232345

     4   6   1 10     1   1   1  2     1    4   6   1 10  -0.1120806
                                       2                  -0.8838913

     4   0   1  0     1   1   1  2     1    4   0   1  2  -0.4472136

     4   0   1  2     1   1   1  2     1    4   0   1  0  -1.0000000

     4   0   1  2     1   1   1  2     1    4   0   1  2   0.5555839

     4   0   1  2     1   1   1  2     1    4   0   1  4  -0.4285714

     4   0   1  4     1   1   1  2     1    4   0   1  2  -0.5749889

     4   0   1  4     1   1   1  2     1    4   0   1  4   0.5297285

     2   4   1  0     1   1   1  2     1    2   4   1  2  -0.3523820
                                       2                   0.2753669

             1  0             1  2     1            2  2  -0.2753669
                                       2                  -0.3523820

     2   4   1  2     1   1   1  2     1    2   4   1  0  -0.7879501
                                       2                   0.6157390

             2  2             1  2     1            1  0  -0.6157390
                                       2                  -0.7879501

     2   4   1  2     1   1   1  2     1    2   4   1  2   0.4158130
                                       2                  -0.3777204

             1  2             1  2     1            2  2  -0.3560744
                                       2                  -0.3881130

             2  2             1  2     1            1  2  -0.3560744
                                       2                  -0.3881130

             2  2             1  2     1            2  2  -0.4158130
                                       2                   0.3206271

     2   4   1  2     1   1   1  2     1    2   4   1  3   0.3679745
                                       2                   0.4708903

             2  2             1  2     1            1  3  -0.4708903
                                       2                   0.3679745

     2   4   1  2     1   1   1  2     1    2   4   1  4  -0.3999571
                                       2                  -0.0091464

             1  2             1  2     1            2  4   0.0211586
                                       2                  -0.0321509

             2  2             1  2     1            1  4  -0.2164948
                                       2                   0.1346171

             2  2             1  2     1            2  4  -0.2706564
                                       2                  -0.3263698

     2   4   1  3     1   1   1  2     1    2   4   1  2  -0.4353933
                                       2                  -0.5571649

             1  3             1  2     1            2  2   0.5571649
                                       2                  -0.4353933

     2   4   1  3     1   1   1  2     1    2   4   1  3  -0.0000000
                                       2                  -0.1378933

     2   4   1  3     1   1   1  2     1    2   4   1  4  -0.4358349
                                       2                   0.0944401

             1  3             1  2     1            2  4   0.2151275
                                       2                   0.2621304

     2   4   1  3     1   1   1  2     1    2   4   1  5  -0.3021661
                                       2                  -0.1649672

     2   4   1  4     1   1   1  2     1    2   4   1  2  -0.5365988
                                       2                  -0.0122712

             1  4             1  2     1            2  2  -0.2904583
                                       2                   0.1806077

             2  4             1  2     1            1  2   0.0283872
                                       2                  -0.0431350

             2  4             1  2     1            2  2  -0.3631237
                                       2                  -0.4378710

     2   4   1  4     1   1   1  2     1    2   4   1  3   0.4941903
                                       2                  -0.1070850

             2  4             1  2     1            1  3  -0.2439317
                                       2                  -0.2972279

     2   4   1  4     1   1   1  2     1    2   4   1  4  -0.1136899
                                       2                  -0.7655109

             1  4             1  2     1            2  4  -0.1229913
                                       2                  -0.0162632

             2  4             1  2     1            1  4  -0.1229913
                                       2                  -0.0162632

             2  4             1  2     1            2  4  -0.5701148
                                       2                   0.3250505

     2   4   1  4     1   1   1  2     1    2   4   1  5   0.1385842
                                       2                   0.3425306

             2  4             1  2     1            1  5  -0.4143712
                                       2                   0.3660869

     2   4   1  4     1   1   1  2     1    2   4   1  6  -0.3952016
                                       2                  -0.0058938

             2  4             1  2     1            1  6  -0.0520478
                                       2                   0.1385152

     2   4   1  5     1   1   1  2     1    2   4   1  3  -0.3787852
                                       2                  -0.2067973

     2   4   1  5     1   1   1  2     1    2   4   1  4  -0.1532106
                                       2                  -0.3786818

             1  5             1  2     1            2  4   0.4581046
                                       2                  -0.4047243

     2   4   1  5     1   1   1  2     1    2   4   1  5  -0.2911745
                                       2                  -0.2995904

     2   4   1  5     1   1   1  2     1    2   4   1  6  -0.3489114
                                       2                   0.2307832

     2   4   1  6     1   1   1  2     1    2   4   1  4  -0.4749732
                                       2                  -0.0070835

             1  6             1  2     1            2  4  -0.0625536
                                       2                   0.1664746

     2   4   1  6     1   1   1  2     1    2   4   1  5   0.3793066
                                       2                  -0.2508878

     2   4   1  6     1   1   1  2     1    2   4   1  6  -0.1859704
                                       2                  -0.8200523

     0   8   1  0     1   1   1  2     1    0   8   1  2  -0.4472136

     0   8   1  2     1   1   1  2     1    0   8   1  0  -1.0000000

     0   8   1  2     1   1   1  2     1    0   8   1  2  -0.5413127

     0   8   1  2     1   1   1  2     1    0   8   1  4  -0.5032363

     0   8   1  4     1   1   1  2     1    0   8   1  2  -0.6751623

     0   8   1  4     1   1   1  2     1    0   8   1  4  -0.5161214

     0   8   1  4     1   1   1  2     1    0   8   1  6  -0.4632042

     0   8   1  6     1   1   1  2     1    0   8   1  4  -0.5567022

     0   8   1  6     1   1   1  2     1    0   8   1  6  -0.5109342

     0   8   1  6     1   1   1  2     1    0   8   1  8  -0.3567530

     0   8   1  8     1   1   1  2     1    0   8   1  6  -0.4079627

     0   8   1  8     1   1   1  2     1    0   8   1  8  -0.5090097

     0   2   1  0     1   1   1  2     1    0   2   1  2  -0.4472136

     0   2   1  2     1   1   1  2     1    0   2   1  0  -1.0000000

     0   2   1  2     1   1   1  2     1    0   2   1  2  -0.5916080

