 ((lm1 mu1)al1 L1; (lm2 mu2)al2 L2 || rh (lm3 mu3)al3 L3)
     6   0   1  0     0   2   1  2     1    4   0   1  2  -0.2390457

     6   0   1  2     0   2   1  2     1    4   0   1  0  -0.8660254

     6   0   1  2     0   2   1  2     1    4   0   1  2   0.3499271

     6   0   1  2     0   2   1  2     1    4   0   1  4  -0.1649572

     6   0   1  4     0   2   1  2     1    4   0   1  2  -0.7785387

     6   0   1  4     0   2   1  2     1    4   0   1  4   0.2608203

     6   0   1  6     0   2   1  2     1    4   0   1  4  -0.8796644

     2   2   1  0     0   2   1  2     1    4   0   1  2   0.2277100

     2   2   1  2     0   2   1  2     1    4   0   1  0   0.1883089

             2  2             1  2     1            1  0  -0.8174616

     2   2   1  2     0   2   1  2     1    4   0   1  2  -0.2371368

             2  2             1  2     1            1  2  -0.5992579

     2   2   1  2     0   2   1  2     1    4   0   1  4   0.3743716

             2  2             1  2     1            1  4  -0.1856047

     2   2   1  3     0   2   1  2     1    4   0   1  2  -0.5270463

     2   2   1  3     0   2   1  2     1    4   0   1  4  -0.5270463

     2   2   1  4     0   2   1  2     1    4   0   1  2  -0.1195229

     2   2   1  4     0   2   1  2     1    4   0   1  4  -0.6606875

     2   2   1  0     0   2   1  2     1    0   2   1  2  -0.0860663

     2   2   1  2     0   2   1  2     1    0   2   1  0  -0.8991705

             2  2             1  2     1            1  0   0.0794178

     2   2   1  2     0   2   1  2     1    0   2   1  2   0.1684286

             2  2             1  2     1            1  2  -0.3002504

     2   2   1  3     0   2   1  2     1    0   2   1  2   0.5577734

     2   2   1  4     0   2   1  2     1    0   2   1  2  -0.6324555

     0   0   1  0     0   2   1  2     1    0   2   1  2   1.0000000

