 ((lm1 mu1)al1 L1; (lm2 mu2)al2 L2 || rh (lm3 mu3)al3 L3)
     8   0   1  0     0   2   1  2     1    6   0   1  2  -0.2666667

     8   0   1  2     0   2   1  2     1    6   0   1  0  -0.8563488

     8   0   1  2     0   2   1  2     1    6   0   1  2   0.3737413

     8   0   1  2     0   2   1  2     1    6   0   1  4  -0.2253745

     8   0   1  4     0   2   1  2     1    6   0   1  2  -0.7380799

     8   0   1  4     0   2   1  2     1    6   0   1  4   0.3163038

     8   0   1  4     0   2   1  2     1    6   0   1  6  -0.1365577

     8   0   1  6     0   2   1  2     1    6   0   1  4  -0.8102874

     8   0   1  6     0   2   1  2     1    6   0   1  6   0.2378354

     8   0   1  8     0   2   1  2     1    6   0   1  6  -0.9020395

     4   2   1  0     0   2   1  2     1    6   0   1  2   0.2000000

     4   2   1  2     0   2   1  2     1    6   0   1  0   0.2527219

             2  2             1  2     1            1  0  -0.8182084

     4   2   1  2     0   2   1  2     1    6   0   1  2  -0.2081940

             2  2             1  2     1            1  2  -0.5443692

     4   2   1  2     0   2   1  2     1    6   0   1  4   0.3038979

             2  2             1  2     1            1  4  -0.1420146

     4   2   1  3     0   2   1  2     1    6   0   1  2  -0.5577734

     4   2   1  3     0   2   1  2     1    6   0   1  4  -0.4360315

     4   2   1  4     0   2   1  2     1    6   0   1  2   0.0847768

             2  4             1  2     1            1  2  -0.2399475

     4   2   1  4     0   2   1  2     1    6   0   1  4  -0.2600803

             2  4             1  2     1            1  4  -0.5596556

     4   2   1  4     0   2   1  2     1    6   0   1  6   0.3766892

             2  4             1  2     1            1  6  -0.2869628

     4   2   1  5     0   2   1  2     1    6   0   1  4  -0.3478328

     4   2   1  5     0   2   1  2     1    6   0   1  6  -0.5577734

     4   2   1  6     0   2   1  2     1    6   0   1  4  -0.0540192

     4   2   1  6     0   2   1  2     1    6   0   1  6  -0.5945884

     4   2   1  0     0   2   1  2     1    2   2   1  2  -0.2078255

             1  0             1  2     1            2  2  -0.0119127

     4   2   1  2     0   2   1  2     1    2   2   1  0  -0.8749099

             2  2             1  2     1            1  0   0.0346304

     4   2   1  2     0   2   1  2     1    2   2   1  2   0.3188555

             1  2             1  2     1            2  2   0.0264078

             2  2             1  2     1            1  2  -0.0434987

             2  2             1  2     1            2  2  -0.3506459

     4   2   1  2     0   2   1  2     1    2   2   1  3   0.0061840

             2  2             1  2     1            1  3  -0.2647920

     4   2   1  2     0   2   1  2     1    2   2   1  4  -0.0999902

             2  2             1  2     1            1  4  -0.0842246

     4   2   1  3     0   2   1  2     1    2   2   1  2   0.0523151

             1  3             1  2     1            2  2   0.5923129

     4   2   1  3     0   2   1  2     1    2   2   1  3   0.0000000

     4   2   1  3     0   2   1  2     1    2   2   1  4  -0.1690309

     4   2   1  4     0   2   1  2     1    2   2   1  2  -0.8138955

             1  4             1  2     1            2  2   0.0183006

             2  4             1  2     1            1  2   0.1057585

             2  4             1  2     1            2  2  -0.5580883

     4   2   1  4     0   2   1  2     1    2   2   1  3  -0.0558912

             2  4             1  2     1            1  3   0.4854397

     4   2   1  4     0   2   1  2     1    2   2   1  4   0.1756236

             2  4             1  2     1            1  4   0.0620503

     4   2   1  5     0   2   1  2     1    2   2   1  3  -0.7282562

     4   2   1  5     0   2   1  2     1    2   2   1  4   0.3708099

     4   2   1  6     0   2   1  2     1    2   2   1  4  -0.8062258

     2   0   1  0     0   2   1  2     1    2   2   1  2   0.3803765

             1  0             1  2     1            2  2   0.7672334

     2   0   1  2     0   2   1  2     1    2   2   1  0   0.4082483

     2   0   1  2     0   2   1  2     1    2   2   1  2  -0.3572910

             1  2             1  2     1            2  2   0.6369274

     2   0   1  2     0   2   1  2     1    2   2   1  3  -1.0000000

     2   0   1  2     0   2   1  2     1    2   2   1  4   1.0000000

     2   0   1  2     0   2   1  2     1    0   0   1  0  -0.9128709

     0   4   1  0     0   2   1  2     1    2   2   1  2   0.3596662

             1  0             1  2     1            2  2  -0.3520987

     0   4   1  2     0   2   1  2     1    2   2   1  0  -0.6831301

     0   4   1  2     0   2   1  2     1    2   2   1  2  -0.8519579

             1  2             1  2     1            2  2   0.1476034

     0   4   1  2     0   2   1  2     1    2   2   1  3   0.5976143

     0   4   1  2     0   2   1  2     1    2   2   1  4   0.1195229

     0   4   1  4     0   2   1  2     1    2   2   1  2  -0.0661739

             1  4             1  2     1            2  2  -0.7492231

     0   4   1  4     0   2   1  2     1    2   2   1  3  -0.8017837

     0   4   1  4     0   2   1  2     1    2   2   1  4  -0.8864053

