 ((lm1 mu1)al1 L1; (lm2 mu2)al2 L2 || rh (lm3 mu3)al3 L3)
    10   0   1  0     0   2   1  2     1    8   0   1  2  -0.2842676

    10   0   1  2     0   2   1  2     1    8   0   1  0  -0.8498366

    10   0   1  2     0   2   1  2     1    8   0   1  2   0.3873915

    10   0   1  2     0   2   1  2     1    8   0   1  4  -0.2631807

    10   0   1  4     0   2   1  2     1    8   0   1  2  -0.7116836

    10   0   1  4     0   2   1  2     1    8   0   1  4   0.3436041

    10   0   1  4     0   2   1  2     1    8   0   1  6  -0.1953041

    10   0   1  6     0   2   1  2     1    8   0   1  4  -0.7651140

    10   0   1  6     0   2   1  2     1    8   0   1  6   0.2956681

    10   0   1  6     0   2   1  2     1    8   0   1  8  -0.1153671

    10   0   1  8     0   2   1  2     1    8   0   1  6  -0.8382837

    10   0   1  8     0   2   1  2     1    8   0   1  8   0.2201928

    10   0   1 10     0   2   1  2     1    8   0   1  8  -0.9177396

     6   2   1  0     0   2   1  2     1    8   0   1  2   0.1868706

     6   2   1  2     0   2   1  2     1    8   0   1  0   0.2780176

             2  2             1  2     1            1  0  -0.8177640

     6   2   1  2     0   2   1  2     1    8   0   1  2  -0.1976293

             2  2             1  2     1            1  2  -0.5173316

     6   2   1  2     0   2   1  2     1    8   0   1  4   0.2708338

             2  2             1  2     1            1  4  -0.1228187

     6   2   1  3     0   2   1  2     1    8   0   1  2  -0.5669467

     6   2   1  3     0   2   1  2     1    8   0   1  4  -0.3933979

     6   2   1  4     0   2   1  2     1    8   0   1  2   0.1309901

             2  4             1  2     1            1  2  -0.2788181

     6   2   1  4     0   2   1  2     1    8   0   1  4  -0.2197206

             2  4             1  2     1            1  4  -0.5511476

     6   2   1  4     0   2   1  2     1    8   0   1  6   0.3298403

             2  4             1  2     1            1  6  -0.2367289

     6   2   1  5     0   2   1  2     1    8   0   1  4  -0.4082483

     6   2   1  5     0   2   1  2     1    8   0   1  6  -0.4972452

     6   2   1  6     0   2   1  2     1    8   0   1  4   0.0580155

             2  6             1  2     1            1  4  -0.1429816

     6   2   1  6     0   2   1  2     1    8   0   1  6  -0.2775552

             2  6             1  2     1            1  6  -0.5148074

     6   2   1  6     0   2   1  2     1    8   0   1  8   0.3736347

             2  6             1  2     1            1  8  -0.3334528

     6   2   1  7     0   2   1  2     1    8   0   1  6  -0.2723524

     6   2   1  7     0   2   1  2     1    8   0   1  8  -0.5669467

     6   2   1  8     0   2   1  2     1    8   0   1  6  -0.0322157

     6   2   1  8     0   2   1  2     1    8   0   1  8  -0.5627314

     6   2   1  0     0   2   1  2     1    4   2   1  2  -0.2506449

             1  0             1  2     1            2  2  -0.0058536

     6   2   1  2     0   2   1  2     1    4   2   1  0  -0.8616697

             2  2             1  2     1            1  0   0.0195549

     6   2   1  2     0   2   1  2     1    4   2   1  2   0.3601460

             1  2             1  2     1            2  2   0.0132263

             2  2             1  2     1            1  2  -0.0230398

             2  2             1  2     1            2  2  -0.3758920

     6   2   1  2     0   2   1  2     1    4   2   1  3   0.0042075

             2  2             1  2     1            1  3  -0.3279727

     6   2   1  2     0   2   1  2     1    4   2   1  4  -0.1911338

             1  2             1  2     1            2  4  -0.0203450

             2  2             1  2     1            1  4  -0.0208258

             2  2             1  2     1            2  4  -0.1318891

     6   2   1  3     0   2   1  2     1    4   2   1  2   0.0236302

             1  3             1  2     1            2  2   0.5969992

     6   2   1  3     0   2   1  2     1    4   2   1  3   0.0000000

     6   2   1  3     0   2   1  2     1    4   2   1  4  -0.0452515

             1  3             1  2     1            2  4  -0.2380067

     6   2   1  3     0   2   1  2     1    4   2   1  5  -0.1228176

     6   2   1  4     0   2   1  2     1    4   2   1  2  -0.7594889

             1  4             1  2     1            2  2   0.0106599

             2  4             1  2     1            1  2   0.0545656

             2  4             1  2     1            2  2  -0.5051610

     6   2   1  4     0   2   1  2     1    4   2   1  3  -0.0280722

             2  4             1  2     1            1  3   0.5006401

     6   2   1  4     0   2   1  2     1    4   2   1  4   0.2862114

             1  4             1  2     1            2  4   0.0262693

             2  4             1  2     1            1  4  -0.0050403

             2  4             1  2     1            2  4   0.1186158

     6   2   1  4     0   2   1  2     1    4   2   1  5   0.0089321

             2  4             1  2     1            1  5  -0.1592946

     6   2   1  4     0   2   1  2     1    4   2   1  6  -0.0894073

             2  4             1  2     1            1  6  -0.0887157

     6   2   1  5     0   2   1  2     1    4   2   1  3  -0.6509253

     6   2   1  5     0   2   1  2     1    4   2   1  4   0.0763095

             1  5             1  2     1            2  4   0.4013607

     6   2   1  5     0   2   1  2     1    4   2   1  5   0.1539601

     6   2   1  5     0   2   1  2     1    4   2   1  6  -0.1054221

     6   2   1  6     0   2   1  2     1    4   2   1  4  -0.8420954

             1  6             1  2     1            2  4   0.0217076

             2  6             1  2     1            1  4   0.0827439

             2  6             1  2     1            2  4  -0.7575253

     6   2   1  6     0   2   1  2     1    4   2   1  5  -0.0517816

             2  6             1  2     1            1  5   0.3347245

     6   2   1  6     0   2   1  2     1    4   2   1  6   0.1687689

             2  6             1  2     1            1  6   0.1120822

     6   2   1  7     0   2   1  2     1    4   2   1  5  -0.8322504

     6   2   1  7     0   2   1  2     1    4   2   1  6   0.2706660

     6   2   1  8     0   2   1  2     1    4   2   1  6  -0.8644378

     4   0   1  0     0   2   1  2     1    4   2   1  2   0.3398653

             1  0             1  2     1            2  2   0.7272799

     4   0   1  2     0   2   1  2     1    4   2   1  0   0.4714045

     4   0   1  2     0   2   1  2     1    4   2   1  2  -0.3383598

             1  2             1  2     1            2  2   0.6826504

     4   0   1  2     0   2   1  2     1    4   2   1  3  -0.9583148

     4   0   1  2     0   2   1  2     1    4   2   1  4   0.5265863

             1  2             1  2     1            2  4   0.6912372

     4   0   1  4     0   2   1  2     1    4   2   1  2   0.2024541

             1  4             1  2     1            2  2   0.0625325

     4   0   1  4     0   2   1  2     1    4   2   1  3  -0.2857143

     4   0   1  4     0   2   1  2     1    4   2   1  4  -0.3539153

             1  4             1  2     1            2  4   0.7075269

     4   0   1  4     0   2   1  2     1    4   2   1  5  -1.0000000

     4   0   1  4     0   2   1  2     1    4   2   1  6   1.0000000

     4   0   1  0     0   2   1  2     1    2   0   1  2  -0.1885618

     4   0   1  2     0   2   1  2     1    2   0   1  0  -0.8819171

     4   0   1  2     0   2   1  2     1    2   0   1  2   0.2981424

     4   0   1  4     0   2   1  2     1    2   0   1  2  -0.8485281

     2   4   1  0     0   2   1  2     1    4   2   1  2   0.2473517

             1  0             1  2     1            2  2  -0.2602038

     2   4   1  2     0   2   1  2     1    4   2   1  0   0.2108185

             2  2             1  2     1            1  0  -0.7745967

     2   4   1  2     0   2   1  2     1    4   2   1  2  -0.2581581

             1  2             1  2     1            2  2  -0.1803176

             2  2             1  2     1            1  2  -0.5664941

             2  2             1  2     1            2  2   0.1945789

     2   4   1  2     0   2   1  2     1    4   2   1  3   0.3313738

             2  2             1  2     1            1  3   0.2943127

     2   4   1  2     0   2   1  2     1    4   2   1  4   0.3983260

             1  2             1  2     1            2  4  -0.3010294

             2  2             1  2     1            1  4  -0.1679236

             2  2             1  2     1            2  4   0.2354907

     2   4   1  3     0   2   1  2     1    4   2   1  2  -0.5010483

             1  3             1  2     1            2  2  -0.1547600

     2   4   1  3     0   2   1  2     1    4   2   1  3   0.0000000

     2   4   1  3     0   2   1  2     1    4   2   1  4  -0.4847765

             1  3             1  2     1            2  4   0.3257344

     2   4   1  3     0   2   1  2     1    4   2   1  5   0.3240370

     2   4   1  4     0   2   1  2     1    4   2   1  2  -0.1026451

             1  4             1  2     1            2  2  -0.0448054

             2  4             1  2     1            1  2  -0.0167943

             2  4             1  2     1            2  2  -0.7658068

     2   4   1  4     0   2   1  2     1    4   2   1  3  -0.1267561

             2  4             1  2     1            1  3  -0.6500033

     2   4   1  4     0   2   1  2     1    4   2   1  4  -0.6494389

             1  4             1  2     1            2  4  -0.1762410

             2  4             1  2     1            1  4  -0.0063094

             2  4             1  2     1            2  4  -0.4673156

     2   4   1  4     0   2   1  2     1    4   2   1  5   0.4452167

             2  4             1  2     1            1  5  -0.3022045

     2   4   1  4     0   2   1  2     1    4   2   1  6   0.1272048

             2  4             1  2     1            1  6  -0.0863441

     2   4   1  5     0   2   1  2     1    4   2   1  3  -0.4062019

     2   4   1  5     0   2   1  2     1    4   2   1  4  -0.1111133

             1  5             1  2     1            2  4  -0.5844166

     2   4   1  5     0   2   1  2     1    4   2   1  5  -0.6244998

     2   4   1  5     0   2   1  2     1    4   2   1  6  -0.3741657

     2   4   1  6     0   2   1  2     1    4   2   1  4  -0.0345123

             1  6             1  2     1            2  4  -0.1815222

     2   4   1  6     0   2   1  2     1    4   2   1  5  -0.4067610

     2   4   1  6     0   2   1  2     1    4   2   1  6  -0.7977240

     2   4   1  0     0   2   1  2     1    0   4   1  2  -0.1054093

     2   4   1  2     0   2   1  2     1    0   4   1  0  -0.8923146

             2  2             1  2     1            1  0   0.0965928

     2   4   1  2     0   2   1  2     1    0   4   1  2   0.2041753

             2  2             1  2     1            1  2  -0.3216165

     2   4   1  2     0   2   1  2     1    0   4   1  4  -0.0590423

             2  2             1  2     1            1  4  -0.0524389

     2   4   1  3     0   2   1  2     1    0   4   1  2   0.5669467

     2   4   1  3     0   2   1  2     1    0   4   1  4  -0.1259882

     2   4   1  4     0   2   1  2     1    0   4   1  2  -0.5777555

             2  4             1  2     1            1  2   0.0774241

     2   4   1  4     0   2   1  2     1    0   4   1  4   0.1254601

             2  4             1  2     1            1  4  -0.3751298

     2   4   1  5     0   2   1  2     1    0   4   1  4   0.5527708

     2   4   1  6     0   2   1  2     1    0   4   1  4  -0.6009252

     0   2   1  0     0   2   1  2     1    2   0   1  2   0.3333333

     0   2   1  2     0   2   1  2     1    2   0   1  0  -0.7453560

     0   2   1  2     0   2   1  2     1    2   0   1  2  -0.8819171

     0   2   1  0     0   2   1  2     1    0   4   1  2   0.6236096

     0   2   1  2     0   2   1  2     1    0   4   1  0   0.6666667

     0   2   1  2     0   2   1  2     1    0   4   1  2   0.4714045

     0   2   1  2     0   2   1  2     1    0   4   1  4   1.0000000

