 ((lm1 mu1)al1 L1; (lm2 mu2)al2 L2 || rh (lm3 mu3)al3 L3)
    12   0   1  0     0   2   1  2     1   10   0   1  2  -0.2964997

    12   0   1  2     0   2   1  2     1   10   0   1  0  -0.8451543

    12   0   1  2     0   2   1  2     1   10   0   1  2   0.3962144

    12   0   1  2     0   2   1  2     1   10   0   1  4  -0.2893541

    12   0   1  4     0   2   1  2     1   10   0   1  2  -0.6930922

    12   0   1  4     0   2   1  2     1   10   0   1  4   0.3597144

    12   0   1  4     0   2   1  2     1   10   0   1  6  -0.2352218

    12   0   1  6     0   2   1  2     1   10   0   1  4  -0.7333454

    12   0   1  6     0   2   1  2     1   10   0   1  6   0.3260272

    12   0   1  6     0   2   1  2     1   10   0   1  8  -0.1701743

    12   0   1  8     0   2   1  2     1   10   0   1  6  -0.7934644

    12   0   1  8     0   2   1  2     1   10   0   1  8   0.2788060

    12   0   1  8     0   2   1  2     1   10   0   1 10  -0.0995736

    12   0   1 10     0   2   1  2     1   10   0   1  8  -0.8599196

    12   0   1 10     0   2   1  2     1   10   0   1 10   0.2059459

    12   0   1 12     0   2   1  2     1   10   0   1 10  -0.9292052

     8   2   1  0     0   2   1  2     1   10   0   1  2   0.1791613

     8   2   1  2     0   2   1  2     1   10   0   1  0   0.2913977

             2  2             1  2     1            1  0  -0.8174190

     8   2   1  2     0   2   1  2     1   10   0   1  2  -0.1923424

             2  2             1  2     1            1  2  -0.5011864

     8   2   1  2     0   2   1  2     1   10   0   1  4   0.2515938

             2  2             1  2     1            1  4  -0.1119746

     8   2   1  3     0   2   1  2     1   10   0   1  2  -0.5708992

     8   2   1  3     0   2   1  2     1   10   0   1  4  -0.3685139

     8   2   1  4     0   2   1  2     1   10   0   1  2   0.1557467

             2  4             1  2     1            1  2  -0.3000478

     8   2   1  4     0   2   1  2     1   10   0   1  4  -0.2025875

             2  4             1  2     1            1  4  -0.5417066

     8   2   1  4     0   2   1  2     1   10   0   1  6   0.3010632

             2  4             1  2     1            1  6  -0.2099831

     8   2   1  5     0   2   1  2     1   10   0   1  4  -0.4360315

     8   2   1  5     0   2   1  2     1   10   0   1  6  -0.4616334

     8   2   1  6     0   2   1  2     1   10   0   1  4   0.0960984

             2  6             1  2     1            1  4  -0.1796983

     8   2   1  6     0   2   1  2     1   10   0   1  6  -0.2340774

             2  6             1  2     1            1  6  -0.5264072

     8   2   1  6     0   2   1  2     1   10   0   1  8   0.3415169

             2  6             1  2     1            1  8  -0.2854945

     8   2   1  7     0   2   1  2     1   10   0   1  6  -0.3358876

     8   2   1  7     0   2   1  2     1   10   0   1  8  -0.5226879

     8   2   1  8     0   2   1  2     1   10   0   1  6   0.0443577

             2  8             1  2     1            1  6  -0.1020591

     8   2   1  8     0   2   1  2     1   10   0   1  8  -0.2904003

             2  8             1  2     1            1  8  -0.4827987

     8   2   1  8     0   2   1  2     1   10   0   1 10   0.3695868

             2  8             1  2     1            1 10  -0.3611954

     8   2   1  9     0   2   1  2     1   10   0   1  8  -0.2296156

     8   2   1  9     0   2   1  2     1   10   0   1 10  -0.5708992

     8   2   1 10     0   2   1  2     1   10   0   1  8  -0.0219453

     8   2   1 10     0   2   1  2     1   10   0   1 10  -0.5439728

     8   2   1  0     0   2   1  2     1    6   2   1  2  -0.2744016

             1  0             1  2     1            2  2  -0.0035203

     8   2   1  2     0   2   1  2     1    6   2   1  0  -0.8533677

             2  2             1  2     1            1  0   0.0125955

     8   2   1  2     0   2   1  2     1    6   2   1  2   0.3798151

             1  2             1  2     1            2  2   0.0080401

             2  2             1  2     1            1  2  -0.0144395

             2  2             1  2     1            2  2  -0.3893627

     8   2   1  2     0   2   1  2     1    6   2   1  3   0.0029482

             2  2             1  2     1            1  3  -0.3622351

     8   2   1  2     0   2   1  2     1    6   2   1  4  -0.2422412

             1  2             1  2     1            2  4  -0.0122707

             2  2             1  2     1            1  4  -0.0123313

             2  2             1  2     1            2  4  -0.1619377

     8   2   1  3     0   2   1  2     1    6   2   1  2   0.0135303

             1  3             1  2     1            2  2   0.5962019

     8   2   1  3     0   2   1  2     1    6   2   1  3   0.0000000

     8   2   1  3     0   2   1  2     1    6   2   1  4  -0.0275650

             1  3             1  2     1            2  4  -0.2809376

     8   2   1  3     0   2   1  2     1    6   2   1  5  -0.1700753

     8   2   1  4     0   2   1  2     1    6   2   1  2  -0.7257014

             1  4             1  2     1            2  2   0.0069012

             2  4             1  2     1            1  2   0.0335976

             2  4             1  2     1            2  2  -0.4771797

     8   2   1  4     0   2   1  2     1    6   2   1  3  -0.0170712

             2  4             1  2     1            1  3   0.5029466

     8   2   1  4     0   2   1  2     1    6   2   1  4   0.3288811

             1  4             1  2     1            2  4   0.0138588

             2  4             1  2     1            1  4  -0.0068373

             2  4             1  2     1            2  4   0.1346231

     8   2   1  4     0   2   1  2     1    6   2   1  5   0.0070661

             2  4             1  2     1            1  5  -0.2081790

     8   2   1  4     0   2   1  2     1    6   2   1  6  -0.1639850

             1  4             1  2     1            2  6  -0.0205297

             2  4             1  2     1            1  6  -0.0297347

             2  4             1  2     1            2  6  -0.1471563

     8   2   1  5     0   2   1  2     1    6   2   1  3  -0.6077155

     8   2   1  5     0   2   1  2     1    6   2   1  4   0.0407691

             1  5             1  2     1            2  4   0.4155123

     8   2   1  5     0   2   1  2     1    6   2   1  5   0.1869894

     8   2   1  5     0   2   1  2     1    6   2   1  6  -0.0398320

             1  5             1  2     1            2  6  -0.1486386

     8   2   1  5     0   2   1  2     1    6   2   1  7  -0.1154124

     8   2   1  6     0   2   1  2     1    6   2   1  4  -0.7876044

             1  6             1  2     1            2  4   0.0143407

             2  6             1  2     1            1  4   0.0502691

             2  6             1  2     1            2  4  -0.6951157

     8   2   1  6     0   2   1  2     1    6   2   1  5  -0.0294571

             2  6             1  2     1            1  5   0.3514154

     8   2   1  6     0   2   1  2     1    6   2   1  6   0.2663023

             1  6             1  2     1            2  6   0.0251256

             2  6             1  2     1            1  6   0.0129394

             2  6             1  2     1            2  6   0.1937260

     8   2   1  6     0   2   1  2     1    6   2   1  7   0.0086354

             2  6             1  2     1            1  7  -0.1030178

     8   2   1  6     0   2   1  2     1    6   2   1  8  -0.0786583

             2  6             1  2     1            1  8  -0.0779432

     8   2   1  7     0   2   1  2     1    6   2   1  5  -0.7608985

     8   2   1  7     0   2   1  2     1    6   2   1  6   0.0769836

             1  7             1  2     1            2  6   0.2872747

     8   2   1  7     0   2   1  2     1    6   2   1  7   0.1832417

     8   2   1  7     0   2   1  2     1    6   2   1  8  -0.0728365

     8   2   1  8     0   2   1  2     1    6   2   1  6  -0.8657095

             1  8             1  2     1            2  6   0.0206739

             2  8             1  2     1            1  6   0.0665245

             2  8             1  2     1            2  6  -0.8287736

     8   2   1  8     0   2   1  2     1    6   2   1  7  -0.0463450

             2  8             1  2     1            1  7   0.2515317

     8   2   1  8     0   2   1  2     1    6   2   1  8   0.1608368

             2  8             1  2     1            1  8   0.1205635

     8   2   1  9     0   2   1  2     1    6   2   1  7  -0.8773118

     8   2   1  9     0   2   1  2     1    6   2   1  8   0.2127794

     8   2   1 10     0   2   1  2     1    6   2   1  8  -0.8947925

     6   0   1  0     0   2   1  2     1    6   2   1  2   0.3199096

             1  0             1  2     1            2  2   0.7054487

     6   0   1  2     0   2   1  2     1    6   2   1  0   0.5000000

     6   0   1  2     0   2   1  2     1    6   2   1  2  -0.3300509

             1  2             1  2     1            2  2   0.7030228

     6   0   1  2     0   2   1  2     1    6   2   1  3  -0.9343532

     6   0   1  2     0   2   1  2     1    6   2   1  4   0.4665391

             1  2             1  2     1            2  4   0.6500407

     6   0   1  4     0   2   1  2     1    6   2   1  2   0.2585997

             1  4             1  2     1            2  2   0.0879169

     6   0   1  4     0   2   1  2     1    6   2   1  3  -0.3563483

     6   0   1  4     0   2   1  2     1    6   2   1  4  -0.3314004

             1  4             1  2     1            2  4   0.7526357

     6   0   1  4     0   2   1  2     1    6   2   1  5  -0.9587450

     6   0   1  4     0   2   1  2     1    6   2   1  6   0.5948014

             1  4             1  2     1            2  6   0.6664766

     6   0   1  6     0   2   1  2     1    6   2   1  4   0.1462060

             1  6             1  2     1            2  4   0.0686883

     6   0   1  6     0   2   1  2     1    6   2   1  5  -0.2842676

     6   0   1  6     0   2   1  2     1    6   2   1  6  -0.3576011

             1  6             1  2     1            2  6   0.7201292

     6   0   1  6     0   2   1  2     1    6   2   1  7  -1.0000000

     6   0   1  6     0   2   1  2     1    6   2   1  8   1.0000000

     6   0   1  0     0   2   1  2     1    4   0   1  2  -0.2390457

     6   0   1  2     0   2   1  2     1    4   0   1  0  -0.8660254

     6   0   1  2     0   2   1  2     1    4   0   1  2   0.3499271

     6   0   1  2     0   2   1  2     1    4   0   1  4  -0.1649572

     6   0   1  4     0   2   1  2     1    4   0   1  2  -0.7785387

     6   0   1  4     0   2   1  2     1    4   0   1  4   0.2608203

     6   0   1  6     0   2   1  2     1    4   0   1  4  -0.8796644

     4   4   1  0     0   2   1  2     1    6   2   1  2   0.2179253

             1  0             1  2     1            2  2  -0.2377153

     4   4   1  2     0   2   1  2     1    6   2   1  0   0.2779777

             2  2             1  2     1            1  0  -0.7763558

     4   4   1  2     0   2   1  2     1    6   2   1  2  -0.2283654

             1  2             1  2     1            2  2  -0.2071330

             2  2             1  2     1            1  2  -0.5151633

             2  2             1  2     1            2  2   0.1865210

     4   4   1  2     0   2   1  2     1    6   2   1  3   0.3107046

             2  2             1  2     1            1  3   0.2556705

     4   4   1  2     0   2   1  2     1    6   2   1  4   0.3276536

             1  2             1  2     1            2  4  -0.2445508

             2  2             1  2     1            1  4  -0.1313602

             2  2             1  2     1            2  4   0.1877899

     4   4   1  3     0   2   1  2     1    6   2   1  2  -0.5299716

             1  3             1  2     1            2  2  -0.1801760

     4   4   1  3     0   2   1  2     1    6   2   1  3   0.0000000

     4   4   1  3     0   2   1  2     1    6   2   1  4  -0.4075798

             1  3             1  2     1            2  4   0.2575328

     4   4   1  3     0   2   1  2     1    6   2   1  5   0.2572583

     4   4   1  4     0   2   1  2     1    6   2   1  2   0.0955978

             1  4             1  2     1            2  2  -0.0111895

             2  4             1  2     1            1  2  -0.2269397

             2  4             1  2     1            2  2   0.0408136

             3  4             1  2     1            1  2  -0.0030448

             3  4             1  2     1            2  2  -0.7735122

     4   4   1  4     0   2   1  2     1    6   2   1  3   0.0717239

             2  4             1  2     1            1  3  -0.1592854

             3  4             1  2     1            1  3  -0.5985363

     4   4   1  4     0   2   1  2     1    6   2   1  4  -0.2842562

             1  4             1  2     1            2  4  -0.2050753

             2  4             1  2     1            1  4  -0.5296634

             2  4             1  2     1            2  4  -0.0716319

             3  4             1  2     1            1  4  -0.0044172

             3  4             1  2     1            2  4  -0.4016737

     4   4   1  4     0   2   1  2     1    6   2   1  5   0.3324039

             2  4             1  2     1            1  5   0.2185525

             3  4             1  2     1            1  5  -0.2169695

     4   4   1  4     0   2   1  2     1    6   2   1  6   0.3974690

             1  4             1  2     1            2  6  -0.2779451

             2  4             1  2     1            1  6  -0.2549166

             2  4             1  2     1            2  6   0.3417633

             3  4             1  2     1            1  6  -0.0008738

             3  4             1  2     1            2  6  -0.0812803

     4   4   1  5     0   2   1  2     1    6   2   1  3   0.0120612

             2  5             1  2     1            1  3  -0.4856486

     4   4   1  5     0   2   1  2     1    6   2   1  4  -0.3352372

             1  5             1  2     1            2  4  -0.1433365

             2  5             1  2     1            1  4  -0.0101529

             2  5             1  2     1            2  4  -0.5749114

     4   4   1  5     0   2   1  2     1    6   2   1  5  -0.1549194

             2  5             1  2     1            1  5  -0.5062684

     4   4   1  5     0   2   1  2     1    6   2   1  6  -0.5113899

             1  5             1  2     1            2  6   0.2457425

             2  5             1  2     1            1  6  -0.0066331

             2  5             1  2     1            2  6  -0.3349858

     4   4   1  5     0   2   1  2     1    6   2   1  7   0.3589306

             2  5             1  2     1            1  7  -0.1435945

     4   4   1  6     0   2   1  2     1    6   2   1  4  -0.0454727

             1  6             1  2     1            2  4  -0.0288899

             2  6             1  2     1            1  4  -0.0188502

             2  6             1  2     1            2  4  -0.3055957

     4   4   1  6     0   2   1  2     1    6   2   1  5  -0.1126569

             2  6             1  2     1            1  5  -0.4997846

     4   4   1  6     0   2   1  2     1    6   2   1  6  -0.5987720

             1  6             1  2     1            2  6  -0.2714987

             2  6             1  2     1            1  6  -0.0038807

             2  6             1  2     1            2  6  -0.5270568

     4   4   1  6     0   2   1  2     1    6   2   1  7   0.3510506

             2  6             1  2     1            1  7  -0.4594009

     4   4   1  6     0   2   1  2     1    6   2   1  8   0.1170169

             2  6             1  2     1            1  8  -0.1531336

     4   4   1  7     0   2   1  2     1    6   2   1  5  -0.1799101

     4   4   1  7     0   2   1  2     1    6   2   1  6  -0.1092139

             1  7             1  2     1            2  6  -0.4075467

     4   4   1  7     0   2   1  2     1    6   2   1  7  -0.6137914

     4   4   1  7     0   2   1  2     1    6   2   1  8  -0.4391550

     4   4   1  8     0   2   1  2     1    6   2   1  6  -0.0223756

             1  8             1  2     1            2  6  -0.0834977

     4   4   1  8     0   2   1  2     1    6   2   1  7  -0.2699206

     4   4   1  8     0   2   1  2     1    6   2   1  8  -0.7549834

     4   4   1  0     0   2   1  2     1    2   4   1  2  -0.2184066

             1  0             1  2     1            2  2  -0.0172790

     4   4   1  2     0   2   1  2     1    2   4   1  0  -0.8706054

             2  2             1  2     1            1  0   0.0452360

     4   4   1  2     0   2   1  2     1    2   4   1  2   0.3293814

             1  2             1  2     1            2  2   0.0384089

             2  2             1  2     1            1  2  -0.0556579

             2  2             1  2     1            2  2  -0.3580569

     4   4   1  2     0   2   1  2     1    2   4   1  3   0.0097332

             2  2             1  2     1            1  3  -0.2787168

     4   4   1  2     0   2   1  2     1    2   4   1  4  -0.1314691

             1  2             1  2     1            2  4   0.0079717

             2  2             1  2     1            1  4  -0.0982094

             2  2             1  2     1            2  4  -0.0142480

     4   4   1  3     0   2   1  2     1    2   4   1  2   0.0640724

             1  3             1  2     1            2  2   0.5918946

     4   4   1  3     0   2   1  2     1    2   4   1  3   0.0000000

     4   4   1  3     0   2   1  2     1    2   4   1  4  -0.1975520

             1  3             1  2     1            2  4  -0.0260175

     4   4   1  3     0   2   1  2     1    2   4   1  5  -0.0544949

     4   4   1  4     0   2   1  2     1    2   4   1  2  -0.7943988

             1  4             1  2     1            2  2   0.0281040

             2  4             1  2     1            1  2   0.1338659

             2  4             1  2     1            2  2  -0.5443631

             3  4             1  2     1            1  2  -0.0059082

             3  4             1  2     1            2  2   0.0353744

     4   4   1  4     0   2   1  2     1    2   4   1  3  -0.0810967

             2  4             1  2     1            1  3   0.4948196

             3  4             1  2     1            1  3  -0.0319580

     4   4   1  4     0   2   1  2     1    2   4   1  4   0.2166008

             1  4             1  2     1            2  4  -0.0186871

             2  4             1  2     1            1  4   0.0590779

             2  4             1  2     1            2  4   0.0430189

             3  4             1  2     1            1  4  -0.0661213

             3  4             1  2     1            2  4  -0.4616921

     4   4   1  4     0   2   1  2     1    2   4   1  5   0.0114240

             2  4             1  2     1            1  5  -0.0671913

             3  4             1  2     1            1  5  -0.2070994

     4   4   1  4     0   2   1  2     1    2   4   1  6  -0.0678552

             2  4             1  2     1            1  6  -0.0744952

             3  4             1  2     1            1  6  -0.0355660

     4   4   1  5     0   2   1  2     1    2   4   1  3  -0.6989516

             2  5             1  2     1            1  3   0.1006647

     4   4   1  5     0   2   1  2     1    2   4   1  4   0.3930938

             1  5             1  2     1            2  4  -0.0216149

             2  5             1  2     1            1  4   0.0230128

             2  5             1  2     1            2  4   0.5973080

     4   4   1  5     0   2   1  2     1    2   4   1  5   0.1032796

             2  5             1  2     1            1  5  -0.1788854

     4   4   1  5     0   2   1  2     1    2   4   1  6  -0.0955514

             2  5             1  2     1            1  6  -0.1266188

     4   4   1  6     0   2   1  2     1    2   4   1  4  -0.7358760

             1  6             1  2     1            2  4   0.0008394

             2  6             1  2     1            1  4   0.1293591

             2  6             1  2     1            2  4  -0.4688561

     4   4   1  6     0   2   1  2     1    2   4   1  5   0.0486959

             2  6             1  2     1            1  5   0.5630118

     4   4   1  6     0   2   1  2     1    2   4   1  6   0.1736196

             2  6             1  2     1            1  6  -0.0735649

     4   4   1  7     0   2   1  2     1    2   4   1  5  -0.6605783

     4   4   1  7     0   2   1  2     1    2   4   1  6   0.4296689

     4   4   1  8     0   2   1  2     1    2   4   1  6  -0.7922704

     2   2   1  0     0   2   1  2     1    4   0   1  2   0.2277100

     2   2   1  2     0   2   1  2     1    4   0   1  0   0.1883089

             2  2             1  2     1            1  0  -0.8174616

     2   2   1  2     0   2   1  2     1    4   0   1  2  -0.2371368

             2  2             1  2     1            1  2  -0.5992579

     2   2   1  2     0   2   1  2     1    4   0   1  4   0.3743716

             2  2             1  2     1            1  4  -0.1856047

     2   2   1  3     0   2   1  2     1    4   0   1  2  -0.5270463

     2   2   1  3     0   2   1  2     1    4   0   1  4  -0.5270463

     2   2   1  4     0   2   1  2     1    4   0   1  2  -0.1195229

     2   2   1  4     0   2   1  2     1    4   0   1  4  -0.6606875

     2   2   1  0     0   2   1  2     1    2   4   1  2   0.2826296

             1  0             1  2     1            2  2   0.5107458

     2   2   1  2     0   2   1  2     1    2   4   1  0   0.3950090

             2  2             1  2     1            1  0   0.5704817

     2   2   1  2     0   2   1  2     1    2   4   1  2  -0.2644925

             1  2             1  2     1            2  2   0.4893822

             2  2             1  2     1            1  2   0.3853322

             2  2             1  2     1            2  2   0.2167510

     2   2   1  2     0   2   1  2     1    2   4   1  3  -0.6711894

             2  2             1  2     1            1  3   0.3327601

     2   2   1  2     0   2   1  2     1    2   4   1  4   0.6519535

             1  2             1  2     1            2  4  -0.0090386

             2  2             1  2     1            1  4   0.2527164

             2  2             1  2     1            2  4   0.8529728

     2   2   1  3     0   2   1  2     1    2   4   1  2   0.3937356

             1  3             1  2     1            2  2  -0.2514483

     2   2   1  3     0   2   1  2     1    2   4   1  3   0.0000000

     2   2   1  3     0   2   1  2     1    2   4   1  4   0.3999070

             1  3             1  2     1            2  4  -0.5027651

     2   2   1  3     0   2   1  2     1    2   4   1  5   0.8660254

     2   2   1  4     0   2   1  2     1    2   4   1  2   0.2477178

             1  4             1  2     1            2  2   0.0836853

     2   2   1  4     0   2   1  2     1    2   4   1  3  -0.2857143

     2   2   1  4     0   2   1  2     1    2   4   1  4   0.2503898

             1  4             1  2     1            2  4   0.1200101

     2   2   1  4     0   2   1  2     1    2   4   1  5  -0.5000000

     2   2   1  4     0   2   1  2     1    2   4   1  6   1.0000000

     2   2   1  0     0   2   1  2     1    0   2   1  2  -0.0860663

     2   2   1  2     0   2   1  2     1    0   2   1  0  -0.8991705

             2  2             1  2     1            1  0   0.0794178

     2   2   1  2     0   2   1  2     1    0   2   1  2   0.1684286

             2  2             1  2     1            1  2  -0.3002504

     2   2   1  3     0   2   1  2     1    0   2   1  2   0.5577734

     2   2   1  4     0   2   1  2     1    0   2   1  2  -0.6324555

     0   6   1  0     0   2   1  2     1    2   4   1  2   0.3722794

             1  0             1  2     1            2  2  -0.4191584

     0   6   1  2     0   2   1  2     1    2   4   1  0  -0.6546537

     0   6   1  2     0   2   1  2     1    2   4   1  2  -0.8394273

             1  2             1  2     1            2  2   0.1524892

     0   6   1  2     0   2   1  2     1    2   4   1  3   0.6900656

     0   6   1  2     0   2   1  2     1    2   4   1  4   0.1200101

             1  2             1  2     1            2  4  -0.2503898

     0   6   1  4     0   2   1  2     1    2   4   1  2  -0.0709004

             1  4             1  2     1            2  2  -0.6549708

     0   6   1  4     0   2   1  2     1    2   4   1  3  -0.7237469

     0   6   1  4     0   2   1  2     1    2   4   1  4  -0.8488699

             1  4             1  2     1            2  4   0.3090958

     0   6   1  4     0   2   1  2     1    2   4   1  5   0.4605662

     0   6   1  4     0   2   1  2     1    2   4   1  6   0.0657952

     0   6   1  6     0   2   1  2     1    2   4   1  4  -0.1106555

             1  6             1  2     1            2  4  -0.8257355

     0   6   1  6     0   2   1  2     1    2   4   1  5  -0.8876254

     0   6   1  6     0   2   1  2     1    2   4   1  6  -0.8703883

     0   0   1  0     0   2   1  2     1    0   2   1  2   1.0000000

