 ((lm1 mu1)al1 L1; (lm2 mu2)al2 L2 || rh (lm3 mu3)al3 L3)
    14   0   1  0     0   2   1  2     1   12   0   1  2  -0.3055050

    14   0   1  2     0   2   1  2     1   12   0   1  0  -0.8416254

    14   0   1  2     0   2   1  2     1   12   0   1  2   0.4023739

    14   0   1  2     0   2   1  2     1   12   0   1  4  -0.3086067

    14   0   1  4     0   2   1  2     1   12   0   1  2  -0.6792853

    14   0   1  4     0   2   1  2     1   12   0   1  4   0.3702501

    14   0   1  4     0   2   1  2     1   12   0   1  6  -0.2644429

    14   0   1  6     0   2   1  2     1   12   0   1  4  -0.7097802

    14   0   1  6     0   2   1  2     1   12   0   1  6   0.3446562

    14   0   1  6     0   2   1  2     1   12   0   1  8  -0.2095747

    14   0   1  8     0   2   1  2     1   12   0   1  6  -0.7602294

    14   0   1  8     0   2   1  2     1   12   0   1  8   0.3111946

    14   0   1  8     0   2   1  2     1   12   0   1 10  -0.1501879

    14   0   1 10     0   2   1  2     1   12   0   1  8  -0.8170494

    14   0   1 10     0   2   1  2     1   12   0   1 10   0.2644261

    14   0   1 10     0   2   1  2     1   12   0   1 12  -0.0874767

    14   0   1 12     0   2   1  2     1   12   0   1 10  -0.8767175

    14   0   1 12     0   2   1  2     1   12   0   1 12   0.1941164

    14   0   1 14     0   2   1  2     1   12   0   1 12  -0.9379055

    10   2   1  0     0   2   1  2     1   12   0   1  2   0.1740777

    10   2   1  2     0   2   1  2     1   12   0   1  0   0.2996331

             2  2             1  2     1            1  0  -0.8171877

    10   2   1  2     0   2   1  2     1   12   0   1  2  -0.1892254

             2  2             1  2     1            1  2  -0.4904371

    10   2   1  2     0   2   1  2     1   12   0   1  4   0.2389920

             2  2             1  2     1            1  4  -0.1049979

    10   2   1  3     0   2   1  2     1   12   0   1  2  -0.5729597

    10   2   1  3     0   2   1  2     1   12   0   1  4  -0.3521618

    10   2   1  4     0   2   1  2     1   12   0   1  2   0.1712815

             2  4             1  2     1            1  2  -0.3136372

    10   2   1  4     0   2   1  2     1   12   0   1  4  -0.1934580

             2  4             1  2     1            1  4  -0.5340971

    10   2   1  4     0   2   1  2     1   12   0   1  6   0.2818480

             2  4             1  2     1            1  6  -0.1931935

    10   2   1  5     0   2   1  2     1   12   0   1  4  -0.4519567

    10   2   1  5     0   2   1  2     1   12   0   1  6  -0.4380858

    10   2   1  6     0   2   1  2     1   12   0   1  4   0.1198126

             2  6             1  2     1            1  4  -0.2023498

    10   2   1  6     0   2   1  2     1   12   0   1  6  -0.2133818

             2  6             1  2     1            1  6  -0.5275825

    10   2   1  6     0   2   1  2     1   12   0   1  8   0.3177140

             2  6             1  2     1            1  8  -0.2574086

    10   2   1  7     0   2   1  2     1   12   0   1  6  -0.3692745

    10   2   1  7     0   2   1  2     1   12   0   1  8  -0.4932702

    10   2   1  8     0   2   1  2     1   12   0   1  6   0.0765299

             2  8             1  2     1            1  6  -0.1347312

    10   2   1  8     0   2   1  2     1   12   0   1  8  -0.2464307

             2  8             1  2     1            1  8  -0.5043514

    10   2   1  8     0   2   1  2     1   12   0   1 10   0.3472887

             2  8             1  2     1            1 10  -0.3163361

    10   2   1  9     0   2   1  2     1   12   0   1  8  -0.2914915

    10   2   1  9     0   2   1  2     1   12   0   1 10  -0.5363192

    10   2   1 10     0   2   1  2     1   12   0   1  8   0.0359504

             2 10             1  2     1            1  8  -0.0794152

    10   2   1 10     0   2   1  2     1   12   0   1 10  -0.3002888

             2 10             1  2     1            1 10  -0.4591000

    10   2   1 10     0   2   1  2     1   12   0   1 12   0.3655388

             2 10             1  2     1            1 12  -0.3799720

    10   2   1 11     0   2   1  2     1   12   0   1 10  -0.2016049

    10   2   1 11     0   2   1  2     1   12   0   1 12  -0.5729597

    10   2   1 12     0   2   1  2     1   12   0   1 10  -0.0161683

    10   2   1 12     0   2   1  2     1   12   0   1 12  -0.5316095

    10   2   1  0     0   2   1  2     1    8   2   1  2  -0.2897881

             1  0             1  2     1            2  2  -0.0023586

    10   2   1  2     0   2   1  2     1    8   2   1  0  -0.8476658

             2  2             1  2     1            1  0   0.0087992

    10   2   1  2     0   2   1  2     1    8   2   1  2   0.3914057

             1  2             1  2     1            2  2   0.0054256

             2  2             1  2     1            1  2  -0.0099343

             2  2             1  2     1            2  2  -0.3978513

    10   2   1  2     0   2   1  2     1    8   2   1  3   0.0021632

             2  2             1  2     1            1  3  -0.3841380

    10   2   1  2     0   2   1  2     1    8   2   1  4  -0.2751001

             1  2             1  2     1            2  4  -0.0083172

             2  2             1  2     1            1  4  -0.0082566

             2  2             1  2     1            2  4  -0.1814689

    10   2   1  3     0   2   1  2     1    8   2   1  2   0.0087764

             1  3             1  2     1            2  2   0.5946170

    10   2   1  3     0   2   1  2     1    8   2   1  3   0.0000000

    10   2   1  3     0   2   1  2     1    8   2   1  4  -0.0187925

             1  3             1  2     1            2  4  -0.3070378

    10   2   1  3     0   2   1  2     1    8   2   1  5  -0.2006981

    10   2   1  4     0   2   1  2     1    8   2   1  2  -0.7029330

             1  4             1  2     1            2  2   0.0048222

             2  4             1  2     1            1  2   0.0228379

             2  4             1  2     1            2  2  -0.4595404

    10   2   1  4     0   2   1  2     1    8   2   1  3  -0.0115197

             2  4             1  2     1            1  3   0.5022953

    10   2   1  4     0   2   1  2     1    8   2   1  4   0.3510978

             1  4             1  2     1            2  4   0.0086405

             2  4             1  2     1            1  4  -0.0060391

             2  4             1  2     1            2  4   0.1426635

    10   2   1  4     0   2   1  2     1    8   2   1  5   0.0054366

             2  4             1  2     1            1  5  -0.2370532

    10   2   1  4     0   2   1  2     1    8   2   1  6  -0.2139394

             1  4             1  2     1            2  6  -0.0136265

             2  4             1  2     1            1  6  -0.0195147

             2  4             1  2     1            2  6  -0.1894252

    10   2   1  5     0   2   1  2     1    8   2   1  3  -0.5798825

    10   2   1  5     0   2   1  2     1    8   2   1  4   0.0256253

             1  5             1  2     1            2  4   0.4186734

    10   2   1  5     0   2   1  2     1    8   2   1  5   0.2034362

    10   2   1  5     0   2   1  2     1    8   2   1  6  -0.0272687

             1  5             1  2     1            2  6  -0.1816065

    10   2   1  5     0   2   1  2     1    8   2   1  7  -0.1668015

    10   2   1  6     0   2   1  2     1    8   2   1  4  -0.7495323

             1  6             1  2     1            2  4   0.0100868

             2  6             1  2     1            1  4   0.0339594

             2  6             1  2     1            2  4  -0.6564890

    10   2   1  6     0   2   1  2     1    8   2   1  5  -0.0192486

             2  6             1  2     1            1  5   0.3563055

    10   2   1  6     0   2   1  2     1    8   2   1  6   0.3103420

             1  6             1  2     1            2  6   0.0138654

             2  6             1  2     1            1  6   0.0033421

             2  6             1  2     1            2  6   0.2251620

    10   2   1  6     0   2   1  2     1    8   2   1  7   0.0074960

             2  6             1  2     1            1  7  -0.1387554

    10   2   1  6     0   2   1  2     1    8   2   1  8  -0.1422999

             1  6             1  2     1            2  8  -0.0192865

             2  6             1  2     1            1  8  -0.0309672

             2  6             1  2     1            2  8  -0.1340292

    10   2   1  7     0   2   1  2     1    8   2   1  5  -0.7145700

    10   2   1  7     0   2   1  2     1    8   2   1  6   0.0454922

             1  7             1  2     1            2  6   0.3029730

    10   2   1  7     0   2   1  2     1    8   2   1  7   0.2286013

    10   2   1  7     0   2   1  2     1    8   2   1  8  -0.0336008

             1  7             1  2     1            2  8  -0.1014305

    10   2   1  7     0   2   1  2     1    8   2   1  9  -0.1023655

    10   2   1  8     0   2   1  2     1    8   2   1  6  -0.8147726

             1  8             1  2     1            2  6   0.0147092

             2  8             1  2     1            1  6   0.0447712

             2  8             1  2     1            2  6  -0.7690415

    10   2   1  8     0   2   1  2     1    8   2   1  7  -0.0285740

             2  8             1  2     1            1  7   0.2660246

    10   2   1  8     0   2   1  2     1    8   2   1  8   0.2504695

             1  8             1  2     1            2  8   0.0241046

             2  8             1  2     1            1  8   0.0217547

             2  8             1  2     1            2  8   0.2092443

    10   2   1  8     0   2   1  2     1    8   2   1  9   0.0078072

             2  8             1  2     1            1  9  -0.0726855

    10   2   1  8     0   2   1  2     1    8   2   1 10  -0.0697173

             2  8             1  2     1            1 10  -0.0676445

    10   2   1  9     0   2   1  2     1    8   2   1  7  -0.8136283

    10   2   1  9     0   2   1  2     1    8   2   1  8   0.0729706

             1  9             1  2     1            2  8   0.2202758

    10   2   1  9     0   2   1  2     1    8   2   1  9   0.1869705

    10   2   1  9     0   2   1  2     1    8   2   1 10  -0.0540628

    10   2   1 10     0   2   1  2     1    8   2   1  8  -0.8836604

             1 10             1  2     1            2  8   0.0190351

             2 10             1  2     1            1  8   0.0552242

             2 10             1  2     1            2  8  -0.8664516

    10   2   1 10     0   2   1  2     1    8   2   1  9  -0.0415916

             2 10             1  2     1            1  9   0.2004962

    10   2   1 10     0   2   1  2     1    8   2   1 10   0.1533928

             2 10             1  2     1            1 10   0.1191341

    10   2   1 11     0   2   1  2     1    8   2   1  9  -0.9027640

    10   2   1 11     0   2   1  2     1    8   2   1 10   0.1752814

    10   2   1 12     0   2   1  2     1    8   2   1 10  -0.9137174

     8   0   1  0     0   2   1  2     1    8   2   1  2   0.3078794

             1  0             1  2     1            2  2   0.6917685

     8   0   1  2     0   2   1  2     1    8   2   1  0   0.5163978

     8   0   1  2     0   2   1  2     1    8   2   1  2  -0.3253743

             1  2             1  2     1            2  2   0.7145500

     8   0   1  2     0   2   1  2     1    8   2   1  3  -0.9187795

     8   0   1  2     0   2   1  2     1    8   2   1  4   0.4334258

             1  2             1  2     1            2  4   0.6214242

     8   0   1  4     0   2   1  2     1    8   2   1  2   0.2904240

             1  4             1  2     1            2  2   0.1035318

     8   0   1  4     0   2   1  2     1    8   2   1  3  -0.3947710

     8   0   1  4     0   2   1  2     1    8   2   1  4  -0.3207234

             1  4             1  2     1            2  4   0.7751106

     8   0   1  4     0   2   1  2     1    8   2   1  5  -0.9315410

     8   0   1  4     0   2   1  2     1    8   2   1  6   0.5307063

             1  4             1  2     1            2  6   0.6348463

     8   0   1  6     0   2   1  2     1    8   2   1  4   0.1976412

             1  6             1  2     1            2  4   0.1025902

     8   0   1  6     0   2   1  2     1    8   2   1  5  -0.3636364

     8   0   1  6     0   2   1  2     1    8   2   1  6  -0.3350220

             1  6             1  2     1            2  6   0.7614271

     8   0   1  6     0   2   1  2     1    8   2   1  7  -0.9629500

     8   0   1  6     0   2   1  2     1    8   2   1  8   0.6368820

             1  6             1  2     1            2  8   0.6516782

     8   0   1  8     0   2   1  2     1    8   2   1  6   0.1158162

             1  8             1  2     1            2  6   0.0619357

     8   0   1  8     0   2   1  2     1    8   2   1  7  -0.2696799

     8   0   1  8     0   2   1  2     1    8   2   1  8  -0.3607935

             1  8             1  2     1            2  8   0.7241364

     8   0   1  8     0   2   1  2     1    8   2   1  9  -1.0000000

     8   0   1  8     0   2   1  2     1    8   2   1 10   1.0000000

     8   0   1  0     0   2   1  2     1    6   0   1  2  -0.2666667

     8   0   1  2     0   2   1  2     1    6   0   1  0  -0.8563488

     8   0   1  2     0   2   1  2     1    6   0   1  2   0.3737413

     8   0   1  2     0   2   1  2     1    6   0   1  4  -0.2253745

     8   0   1  4     0   2   1  2     1    6   0   1  2  -0.7380799

     8   0   1  4     0   2   1  2     1    6   0   1  4   0.3163038

     8   0   1  4     0   2   1  2     1    6   0   1  6  -0.1365577

     8   0   1  6     0   2   1  2     1    6   0   1  4  -0.8102874

     8   0   1  6     0   2   1  2     1    6   0   1  6   0.2378354

     8   0   1  8     0   2   1  2     1    6   0   1  6  -0.9020395

     6   4   1  0     0   2   1  2     1    8   2   1  2   0.2039578

             1  0             1  2     1            2  2  -0.2274523

     6   4   1  2     0   2   1  2     1    8   2   1  0   0.3048934

             2  2             1  2     1            1  0  -0.7760658

     6   4   1  2     0   2   1  2     1    8   2   1  2  -0.2170039

             1  2             1  2     1            2  2  -0.2174646

             2  2             1  2     1            1  2  -0.4899200

             2  2             1  2     1            2  2   0.1819721

     6   4   1  2     0   2   1  2     1    8   2   1  3   0.3000808

             2  2             1  2     1            1  3   0.2379815

     6   4   1  2     0   2   1  2     1    8   2   1  4   0.2936439

             1  2             1  2     1            2  4  -0.2194276

             2  2             1  2     1            1  4  -0.1146432

             2  2             1  2     1            2  4   0.1665438

     6   4   1  3     0   2   1  2     1    8   2   1  2  -0.5384605

             1  3             1  2     1            2  2  -0.1919532

     6   4   1  3     0   2   1  2     1    8   2   1  3   0.0000000

     6   4   1  3     0   2   1  2     1    8   2   1  4  -0.3698583

             1  3             1  2     1            2  4   0.2291082

     6   4   1  3     0   2   1  2     1    8   2   1  5   0.2261335

     6   4   1  4     0   2   1  2     1    8   2   1  2   0.1442578

             1  4             1  2     1            2  2  -0.0231294

             2  4             1  2     1            1  2  -0.2646181

             2  4             1  2     1            2  2   0.0742326

             3  4             1  2     1            1  2  -0.0013003

             3  4             1  2     1            2  2  -0.7746015

     6   4   1  4     0   2   1  2     1    8   2   1  3   0.1017815

             2  4             1  2     1            1  3  -0.1632007

             3  4             1  2     1            1  3  -0.5734304

     6   4   1  4     0   2   1  2     1    8   2   1  4  -0.2425413

             1  4             1  2     1            2  4  -0.2290480

             2  4             1  2     1            1  4  -0.5222318

             2  4             1  2     1            2  4  -0.0668783

             3  4             1  2     1            1  4  -0.0018070

             3  4             1  2     1            2  4  -0.3650126

     6   4   1  4     0   2   1  2     1    8   2   1  5   0.3129034

             2  4             1  2     1            1  5   0.1963148

             3  4             1  2     1            1  5  -0.1867703

     6   4   1  4     0   2   1  2     1    8   2   1  6   0.3533492

             1  4             1  2     1            2  6  -0.2389576

             2  4             1  2     1            1  6  -0.2168393

             2  4             1  2     1            2  6   0.2849362

             3  4             1  2     1            1  6  -0.0004035

             3  4             1  2     1            2  6  -0.0661135

     6   4   1  5     0   2   1  2     1    8   2   1  3   0.0615401

             2  5             1  2     1            1  3  -0.5190637

     6   4   1  5     0   2   1  2     1    8   2   1  4  -0.3897221

             1  5             1  2     1            2  4  -0.1346911

             2  5             1  2     1            1  4  -0.0039271

             2  5             1  2     1            2  4  -0.5722408

     6   4   1  5     0   2   1  2     1    8   2   1  5  -0.1290800

             2  5             1  2     1            1  5  -0.4660895

     6   4   1  5     0   2   1  2     1    8   2   1  6  -0.4637848

             1  5             1  2     1            2  6   0.2018350

             2  5             1  2     1            1  6  -0.0025532

             2  5             1  2     1            2  6  -0.2852462

     6   4   1  5     0   2   1  2     1    8   2   1  7   0.3080360

             2  5             1  2     1            1  7  -0.1148851

     6   4   1  6     0   2   1  2     1    8   2   1  4   0.0657542

             1  6             1  2     1            2  4  -0.0115741

             2  6             1  2     1            1  4  -0.1352144

             2  6             1  2     1            2  4   0.0390644

             3  6             1  2     1            1  4  -0.0038564

             3  6             1  2     1            2  4  -0.3671641

     6   4   1  6     0   2   1  2     1    8   2   1  5   0.0741519

             2  6             1  2     1            1  5  -0.1310725

             3  6             1  2     1            1  5  -0.5203222

     6   4   1  6     0   2   1  2     1    8   2   1  6  -0.3055776

             1  6             1  2     1            2  6  -0.2089641

             2  6             1  2     1            1  6  -0.4892090

             2  6             1  2     1            2  6  -0.1467700

             3  6             1  2     1            1  6  -0.0073798

             3  6             1  2     1            2  6  -0.5117697

     6   4   1  6     0   2   1  2     1    8   2   1  7   0.3318805

             2  6             1  2     1            1  7   0.1491164

             3  6             1  2     1            1  7  -0.3604026

     6   4   1  6     0   2   1  2     1    8   2   1  8   0.3915035

             1  6             1  2     1            2  8  -0.2639108

             2  6             1  2     1            1  8  -0.2927174

             2  6             1  2     1            2  8   0.3801374

             3  6             1  2     1            1  8  -0.0013110

             3  6             1  2     1            2  8  -0.1644630

     6   4   1  7     0   2   1  2     1    8   2   1  5   0.0121096

             2  7             1  2     1            1  5  -0.2606303

     6   4   1  7     0   2   1  2     1    8   2   1  6  -0.2665652

             1  7             1  2     1            2  6  -0.1217754

             2  7             1  2     1            1  6  -0.0114321

             2  7             1  2     1            2  6  -0.4532950

     6   4   1  7     0   2   1  2     1    8   2   1  7  -0.2172787

             2  7             1  2     1            1  7  -0.5260352

     6   4   1  7     0   2   1  2     1    8   2   1  8  -0.5202992

             1  7             1  2     1            2  8   0.1922930

             2  7             1  2     1            1  8  -0.0080348

             2  7             1  2     1            2  8  -0.4263665

     6   4   1  7     0   2   1  2     1    8   2   1  9   0.3657478

             2  7             1  2     1            1  9  -0.2110388

     6   4   1  8     0   2   1  2     1    8   2   1  6  -0.0268801

             1  8             1  2     1            2  6  -0.0182996

             2  8             1  2     1            1  6  -0.0176434

             2  8             1  2     1            2  6  -0.1733420

     6   4   1  8     0   2   1  2     1    8   2   1  7  -0.0914373

             2  8             1  2     1            1  7  -0.3881621

     6   4   1  8     0   2   1  2     1    8   2   1  8  -0.5774756

             1  8             1  2     1            2  8  -0.3053755

             2  8             1  2     1            1  8  -0.0009482

             2  8             1  2     1            2  8  -0.5024152

     6   4   1  8     0   2   1  2     1    8   2   1  9   0.2961472

             2  8             1  2     1            1  9  -0.5201159

     6   4   1  8     0   2   1  2     1    8   2   1 10   0.1076899

             2  8             1  2     1            1 10  -0.1891331

     6   4   1  9     0   2   1  2     1    8   2   1  7  -0.1047707

     6   4   1  9     0   2   1  2     1    8   2   1  8  -0.1033605

             1  9             1  2     1            2  8  -0.3120133

     6   4   1  9     0   2   1  2     1    8   2   1  9  -0.5898654

     6   4   1  9     0   2   1  2     1    8   2   1 10  -0.4690416

     6   4   1 10     0   2   1  2     1    8   2   1  8  -0.0161317

             1 10             1  2     1            2  8  -0.0486965

     6   4   1 10     0   2   1  2     1    8   2   1  9  -0.2013115

     6   4   1 10     0   2   1  2     1    8   2   1 10  -0.7298161

     6   4   1  0     0   2   1  2     1    4   4   1  2  -0.2580416

             1  0             1  2     1            2  2  -0.0090112

     6   4   1  2     0   2   1  2     1    4   4   1  0  -0.8587103

             2  2             1  2     1            1  0   0.0266817

     6   4   1  2     0   2   1  2     1    4   4   1  2   0.3663293

             1  2             1  2     1            2  2   0.0204208

             2  2             1  2     1            1  2  -0.0311195

             2  2             1  2     1            2  2  -0.3804891

     6   4   1  2     0   2   1  2     1    4   4   1  3   0.0067991

             2  2             1  2     1            1  3  -0.3381762

     6   4   1  2     0   2   1  2     1    4   4   1  4  -0.2074254

             1  2             1  2     1            2  4  -0.0312943

             1  2             1  2     1            3  4  -0.0002559

             2  2             1  2     1            1  4  -0.0275849

             2  2             1  2     1            2  4  -0.1401598

             2  2             1  2     1            3  4  -0.0074241

     6   4   1  3     0   2   1  2     1    4   4   1  2   0.0309784

             1  3             1  2     1            2  2   0.5962061

     6   4   1  3     0   2   1  2     1    4   4   1  3   0.0000000

     6   4   1  3     0   2   1  2     1    4   4   1  4  -0.0604291

             1  3             1  2     1            2  4  -0.2506167

             1  3             1  2     1            3  4  -0.0131975

     6   4   1  3     0   2   1  2     1    4   4   1  5  -0.1368312

             1  3             1  2     1            2  5  -0.0168968

     6   4   1  4     0   2   1  2     1    4   4   1  2  -0.7469766

             1  4             1  2     1            2  2   0.0168675

             2  4             1  2     1            1  2   0.0732226

             2  4             1  2     1            2  2  -0.4962561

             3  4             1  2     1            1  2  -0.0017179

             3  4             1  2     1            2  2   0.0193086

     6   4   1  4     0   2   1  2     1    4   4   1  3  -0.0433154

             2  4             1  2     1            1  3   0.5030207

             3  4             1  2     1            1  3  -0.0195320

     6   4   1  4     0   2   1  2     1    4   4   1  4   0.3001731

             1  4             1  2     1            2  4   0.0387025

             1  4             1  2     1            3  4  -0.0008324

             2  4             1  2     1            1  4  -0.0094961

             2  4             1  2     1            2  4   0.1210014

             2  4             1  2     1            3  4   0.0205035

             3  4             1  2     1            1  4  -0.0018526

             3  4             1  2     1            2  4  -0.0372565

             3  4             1  2     1            3  4  -0.4992707

     6   4   1  4     0   2   1  2     1    4   4   1  5   0.0150185

             1  4             1  2     1            2  5   0.0013974

             2  4             1  2     1            1  5  -0.1740879

             2  4             1  2     1            2  5  -0.0139968

             3  4             1  2     1            1  5  -0.0326500

             3  4             1  2     1            2  5  -0.2730923

     6   4   1  4     0   2   1  2     1    4   4   1  6  -0.1222531

             1  4             1  2     1            2  6   0.0136864

             2  4             1  2     1            1  6  -0.1125415

             2  4             1  2     1            2  6  -0.0258072

             3  4             1  2     1            1  6  -0.0143703

             3  4             1  2     1            2  6  -0.0715486

     6   4   1  5     0   2   1  2     1    4   4   1  3  -0.6344446

             2  5             1  2     1            1  3   0.0517187

     6   4   1  5     0   2   1  2     1    4   4   1  4   0.0974590

             1  5             1  2     1            2  4   0.4024284

             1  5             1  2     1            3  4  -0.0135937

             2  5             1  2     1            1  4  -0.0058659

             2  5             1  2     1            2  4   0.0054192

             2  5             1  2     1            3  4   0.5876768

     6   4   1  5     0   2   1  2     1    4   4   1  5   0.1659063

             1  5             1  2     1            2  5   0.0317633

             2  5             1  2     1            1  5  -0.0413094

             2  5             1  2     1            2  5  -0.1955111

     6   4   1  5     0   2   1  2     1    4   4   1  6  -0.1328584

             1  5             1  2     1            2  6  -0.0138962

             2  5             1  2     1            1  6  -0.0486046

             2  5             1  2     1            2  6  -0.2264727

     6   4   1  5     0   2   1  2     1    4   4   1  7  -0.0629963

             2  5             1  2     1            1  7  -0.0681121

     6   4   1  6     0   2   1  2     1    4   4   1  4  -0.8181318

             1  6             1  2     1            2  4   0.0345684

             1  6             1  2     1            3  4  -0.0001631

             2  6             1  2     1            1  4   0.1095154

             2  6             1  2     1            2  4  -0.7377497

             2  6             1  2     1            3  4   0.0047565

             3  6             1  2     1            1  4  -0.0066480

             3  6             1  2     1            2  4   0.0777559

             3  6             1  2     1            3  4  -0.4009215

     6   4   1  6     0   2   1  2     1    4   4   1  5  -0.0779467

             1  6             1  2     1            2  5   0.0015419

             2  6             1  2     1            1  5   0.3470725

             2  6             1  2     1            2  5  -0.0229493

             3  6             1  2     1            1  5   0.0363065

             3  6             1  2     1            2  5   0.5891359

     6   4   1  6     0   2   1  2     1    4   4   1  6   0.2103928

             1  6             1  2     1            2  6  -0.0325957

             2  6             1  2     1            1  6   0.1234323

             2  6             1  2     1            2  6   0.0549710

             3  6             1  2     1            1  6  -0.0304211

             3  6             1  2     1            2  6  -0.0469573

     6   4   1  6     0   2   1  2     1    4   4   1  7   0.0122199

             2  6             1  2     1            1  7  -0.0501462

             3  6             1  2     1            1  7  -0.1621171

     6   4   1  6     0   2   1  2     1    4   4   1  8  -0.0640214

             2  6             1  2     1            1  8  -0.0700648

             3  6             1  2     1            1  8  -0.0409668

     6   4   1  7     0   2   1  2     1    4   4   1  5  -0.7990466

             1  7             1  2     1            2  5   0.0072626

             2  7             1  2     1            1  5   0.0988255

             2  7             1  2     1            2  5  -0.5809613

     6   4   1  7     0   2   1  2     1    4   4   1  6   0.2960240

             1  7             1  2     1            2  6  -0.0320602

             2  7             1  2     1            1  6   0.0681047

             2  7             1  2     1            2  6   0.5266920

     6   4   1  7     0   2   1  2     1    4   4   1  7   0.1239947

             2  7             1  2     1            1  7   0.0057611

     6   4   1  7     0   2   1  2     1    4   4   1  8  -0.0705305

             2  7             1  2     1            1  8  -0.0870398

     6   4   1  8     0   2   1  2     1    4   4   1  6  -0.7979964

             1  8             1  2     1            2  6   0.0032355

             2  8             1  2     1            1  6   0.0914887

             2  8             1  2     1            2  6  -0.7124918

     6   4   1  8     0   2   1  2     1    4   4   1  7   0.0417909

             2  8             1  2     1            1  7   0.4475963

     6   4   1  8     0   2   1  2     1    4   4   1  8   0.1821264

             2  8             1  2     1            1  8  -0.0043610

     6   4   1  9     0   2   1  2     1    4   4   1  7  -0.7926581

     6   4   1  9     0   2   1  2     1    4   4   1  8   0.3329830

     6   4   1 10     0   2   1  2     1    4   4   1  8  -0.8574929

     4   2   1  0     0   2   1  2     1    6   0   1  2   0.2000000

     4   2   1  2     0   2   1  2     1    6   0   1  0   0.2527219

             2  2             1  2     1            1  0  -0.8182084

     4   2   1  2     0   2   1  2     1    6   0   1  2  -0.2081940

             2  2             1  2     1            1  2  -0.5443692

     4   2   1  2     0   2   1  2     1    6   0   1  4   0.3038979

             2  2             1  2     1            1  4  -0.1420146

     4   2   1  3     0   2   1  2     1    6   0   1  2  -0.5577734

     4   2   1  3     0   2   1  2     1    6   0   1  4  -0.4360315

     4   2   1  4     0   2   1  2     1    6   0   1  2   0.0847768

             2  4             1  2     1            1  2  -0.2399475

     4   2   1  4     0   2   1  2     1    6   0   1  4  -0.2600803

             2  4             1  2     1            1  4  -0.5596556

     4   2   1  4     0   2   1  2     1    6   0   1  6   0.3766892

             2  4             1  2     1            1  6  -0.2869628

     4   2   1  5     0   2   1  2     1    6   0   1  4  -0.3478328

     4   2   1  5     0   2   1  2     1    6   0   1  6  -0.5577734

     4   2   1  6     0   2   1  2     1    6   0   1  4  -0.0540192

     4   2   1  6     0   2   1  2     1    6   0   1  6  -0.5945884

     4   2   1  0     0   2   1  2     1    4   4   1  2   0.2631056

             1  0             1  2     1            2  2   0.4974356

     4   2   1  2     0   2   1  2     1    4   4   1  0   0.4131153

             2  2             1  2     1            1  0   0.5738778

     4   2   1  2     0   2   1  2     1    4   4   1  2  -0.2644757

             1  2             1  2     1            2  2   0.5002694

             2  2             1  2     1            1  2   0.3647699

             2  2             1  2     1            2  2   0.2221971

     4   2   1  2     0   2   1  2     1    4   4   1  3  -0.6579582

             2  2             1  2     1            1  3   0.3074705

     4   2   1  2     0   2   1  2     1    4   4   1  4   0.3910631

             1  2             1  2     1            2  4   0.4511837

             1  2             1  2     1            3  4   0.0026387

             2  2             1  2     1            1  4   0.0863405

             2  2             1  2     1            2  4   0.2058709

             2  2             1  2     1            3  4   0.8307723

     4   2   1  3     0   2   1  2     1    4   4   1  2   0.4001285

             1  3             1  2     1            2  2  -0.2583583

     4   2   1  3     0   2   1  2     1    4   4   1  3   0.0000000

     4   2   1  3     0   2   1  2     1    4   4   1  4   0.2825009

             1  3             1  2     1            2  4   0.2602337

             1  3             1  2     1            3  4  -0.5113954

     4   2   1  3     0   2   1  2     1    4   4   1  5   0.3020135

             1  3             1  2     1            2  5   0.7549165

     4   2   1  4     0   2   1  2     1    4   4   1  2   0.2186867

             1  4             1  2     1            2  2   0.0660930

             2  4             1  2     1            1  2   0.1968694

             2  4             1  2     1            2  2   0.1050449

     4   2   1  4     0   2   1  2     1    4   4   1  3  -0.2584987

             2  4             1  2     1            1  3  -0.1988156

     4   2   1  4     0   2   1  2     1    4   4   1  4  -0.2442667

             1  4             1  2     1            2  4   0.5315586

             1  4             1  2     1            3  4   0.0050668

             2  4             1  2     1            1  4   0.3972970

             2  4             1  2     1            2  4  -0.1338626

             2  4             1  2     1            3  4   0.2116034

     4   2   1  4     0   2   1  2     1    4   4   1  5  -0.6677333

             1  4             1  2     1            2  5  -0.0099637

             2  4             1  2     1            1  5   0.2669419

             2  4             1  2     1            2  5  -0.5966634

     4   2   1  4     0   2   1  2     1    4   4   1  6   0.6866808

             1  4             1  2     1            2  6  -0.0253180

             2  4             1  2     1            1  6   0.3813000

             2  4             1  2     1            2  6   0.7103949

     4   2   1  5     0   2   1  2     1    4   4   1  3   0.0986013

     4   2   1  5     0   2   1  2     1    4   4   1  4   0.2894782

             1  5             1  2     1            2  4  -0.1876534

             1  5             1  2     1            3  4  -0.0450295

     4   2   1  5     0   2   1  2     1    4   4   1  5  -0.1490712

             1  5             1  2     1            2  5   0.2581989

     4   2   1  5     0   2   1  2     1    4   4   1  6   0.3487006

             1  5             1  2     1            2  6  -0.6643575

     4   2   1  5     0   2   1  2     1    4   4   1  7   0.8164966

     4   2   1  6     0   2   1  2     1    4   4   1  4   0.1654975

             1  6             1  2     1            2  4   0.0834342

             1  6             1  2     1            3  4   0.0033812

     4   2   1  6     0   2   1  2     1    4   4   1  5  -0.2470270

             1  6             1  2     1            2  5  -0.0305044

     4   2   1  6     0   2   1  2     1    4   4   1  6   0.1900394

             1  6             1  2     1            2  6   0.1948310

     4   2   1  6     0   2   1  2     1    4   4   1  7  -0.5773503

     4   2   1  6     0   2   1  2     1    4   4   1  8   1.0000000

     4   2   1  0     0   2   1  2     1    2   2   1  2  -0.2078255

             1  0             1  2     1            2  2  -0.0119127

     4   2   1  2     0   2   1  2     1    2   2   1  0  -0.8749099

             2  2             1  2     1            1  0   0.0346304

     4   2   1  2     0   2   1  2     1    2   2   1  2   0.3188555

             1  2             1  2     1            2  2   0.0264078

             2  2             1  2     1            1  2  -0.0434987

             2  2             1  2     1            2  2  -0.3506459

     4   2   1  2     0   2   1  2     1    2   2   1  3   0.0061840

             2  2             1  2     1            1  3  -0.2647920

     4   2   1  2     0   2   1  2     1    2   2   1  4  -0.0999902

             2  2             1  2     1            1  4  -0.0842246

     4   2   1  3     0   2   1  2     1    2   2   1  2   0.0523151

             1  3             1  2     1            2  2   0.5923129

     4   2   1  3     0   2   1  2     1    2   2   1  3   0.0000000

     4   2   1  3     0   2   1  2     1    2   2   1  4  -0.1690309

     4   2   1  4     0   2   1  2     1    2   2   1  2  -0.8138955

             1  4             1  2     1            2  2   0.0183006

             2  4             1  2     1            1  2   0.1057585

             2  4             1  2     1            2  2  -0.5580883

     4   2   1  4     0   2   1  2     1    2   2   1  3  -0.0558912

             2  4             1  2     1            1  3   0.4854397

     4   2   1  4     0   2   1  2     1    2   2   1  4   0.1756236

             2  4             1  2     1            1  4   0.0620503

     4   2   1  5     0   2   1  2     1    2   2   1  3  -0.7282562

     4   2   1  5     0   2   1  2     1    2   2   1  4   0.3708099

     4   2   1  6     0   2   1  2     1    2   2   1  4  -0.8062258

     2   6   1  0     0   2   1  2     1    4   4   1  2   0.2556705

             1  0             1  2     1            2  2  -0.3107046

     2   6   1  2     0   2   1  2     1    4   4   1  0   0.2205120

             2  2             1  2     1            1  0  -0.7552629

     2   6   1  2     0   2   1  2     1    4   4   1  2  -0.2659557

             1  2             1  2     1            2  2  -0.2166850

             2  2             1  2     1            1  2  -0.5524792

             2  2             1  2     1            2  2   0.2181823

     2   6   1  2     0   2   1  2     1    4   4   1  3   0.3953434

             2  2             1  2     1            1  3   0.3318788

     2   6   1  2     0   2   1  2     1    4   4   1  4   0.4106730

             1  2             1  2     1            2  4  -0.3574407

             1  2             1  2     1            3  4  -0.0015203

             2  2             1  2     1            1  4  -0.1629194

             2  2             1  2     1            2  4   0.2629319

             2  2             1  2     1            3  4  -0.2119374

     2   6   1  3     0   2   1  2     1    4   4   1  2  -0.4890582

             1  3             1  2     1            2  2  -0.1751095

     2   6   1  3     0   2   1  2     1    4   4   1  3   0.0000000

     2   6   1  3     0   2   1  2     1    4   4   1  4  -0.4702244

             1  3             1  2     1            2  4   0.3634735

             1  3             1  2     1            3  4   0.0821022

     2   6   1  3     0   2   1  2     1    4   4   1  5   0.3608224

             1  3             1  2     1            2  5  -0.2204429

     2   6   1  4     0   2   1  2     1    4   4   1  2  -0.0939679

             1  4             1  2     1            2  2  -0.0344856

             2  4             1  2     1            1  2  -0.0214132

             2  4             1  2     1            2  2  -0.6784324

     2   6   1  4     0   2   1  2     1    4   4   1  3  -0.1231769

             2  4             1  2     1            1  3  -0.5836178

     2   6   1  4     0   2   1  2     1    4   4   1  4  -0.6411540

             1  4             1  2     1            2  4  -0.2054845

             1  4             1  2     1            3  4   0.0052576

             2  4             1  2     1            1  4  -0.0133675

             2  4             1  2     1            2  4  -0.4105285

             2  4             1  2     1            3  4   0.2374911

     2   6   1  4     0   2   1  2     1    4   4   1  5   0.5243403

             1  4             1  2     1            2  5   0.0807346

             2  4             1  2     1            1  5  -0.2671108

             2  4             1  2     1            2  5   0.3141912

     2   6   1  4     0   2   1  2     1    4   4   1  6   0.1254052

             1  4             1  2     1            2  6  -0.1760067

             2  4             1  2     1            1  6  -0.0596326

             2  4             1  2     1            2  6   0.1714433

     2   6   1  5     0   2   1  2     1    4   4   1  3  -0.3518658

     2   6   1  5     0   2   1  2     1    4   4   1  4  -0.1264414

             1  5             1  2     1            2  4  -0.5266952

             1  5             1  2     1            3  4  -0.0732816

     2   6   1  5     0   2   1  2     1    4   4   1  5  -0.5628941

             1  5             1  2     1            2  5   0.1298070

     2   6   1  5     0   2   1  2     1    4   4   1  6  -0.2982531

             1  5             1  2     1            2  6   0.4188606

     2   6   1  5     0   2   1  2     1    4   4   1  7   0.1680995

     2   6   1  6     0   2   1  2     1    4   4   1  4  -0.0362359

             1  6             1  2     1            2  4  -0.1569098

             1  6             1  2     1            3  4  -0.1391681

             2  6             1  2     1            1  4   0.0045528

             2  6             1  2     1            2  4  -0.0228980

             2  6             1  2     1            3  4  -0.8262038

     2   6   1  6     0   2   1  2     1    4   4   1  5  -0.3673000

             1  6             1  2     1            2  5  -0.1515942

             2  6             1  2     1            1  5  -0.0245602

             2  6             1  2     1            2  5  -0.6725696

     2   6   1  6     0   2   1  2     1    4   4   1  6  -0.7803569

             1  6             1  2     1            2  6   0.0467782

             2  6             1  2     1            1  6   0.0399561

             2  6             1  2     1            2  6  -0.4822324

     2   6   1  6     0   2   1  2     1    4   4   1  7   0.3350909

             2  6             1  2     1            1  7  -0.2671845

     2   6   1  6     0   2   1  2     1    4   4   1  8   0.0644883

             2  6             1  2     1            1  8  -0.0514197

     2   6   1  7     0   2   1  2     1    4   4   1  5  -0.0702151

             1  7             1  2     1            2  5  -0.4875288

     2   6   1  7     0   2   1  2     1    4   4   1  6  -0.1712097

             1  7             1  2     1            2  6  -0.6556454

     2   6   1  7     0   2   1  2     1    4   4   1  7  -0.6697014

     2   6   1  7     0   2   1  2     1    4   4   1  8  -0.2766417

     2   6   1  8     0   2   1  2     1    4   4   1  6  -0.0607555

             1  8             1  2     1            2  6  -0.2326626

     2   6   1  8     0   2   1  2     1    4   4   1  7  -0.5101020

     2   6   1  8     0   2   1  2     1    4   4   1  8  -0.8237545

     2   0   1  0     0   2   1  2     1    2   2   1  2   0.3803765

             1  0             1  2     1            2  2   0.7672334

     2   0   1  2     0   2   1  2     1    2   2   1  0   0.4082483

     2   0   1  2     0   2   1  2     1    2   2   1  2  -0.3572910

             1  2             1  2     1            2  2   0.6369274

     2   0   1  2     0   2   1  2     1    2   2   1  3  -1.0000000

     2   0   1  2     0   2   1  2     1    2   2   1  4   1.0000000

     2   6   1  0     0   2   1  2     1    0   6   1  2  -0.1154701

     2   6   1  2     0   2   1  2     1    0   6   1  0  -0.8881032

             2  2             1  2     1            1  0   0.1061734

     2   6   1  2     0   2   1  2     1    0   6   1  2   0.2221760

             2  2             1  2     1            1  2  -0.3338928

     2   6   1  2     0   2   1  2     1    0   6   1  4  -0.0805196

             2  2             1  2     1            1  4  -0.0675938

     2   6   1  3     0   2   1  2     1    0   6   1  2   0.5708992

     2   6   1  3     0   2   1  2     1    0   6   1  4  -0.1622882

     2   6   1  4     0   2   1  2     1    0   6   1  2  -0.5482050

             2  4             1  2     1            1  2   0.0822976

     2   6   1  4     0   2   1  2     1    0   6   1  4   0.1592915

             2  4             1  2     1            1  4  -0.3936614

     2   6   1  4     0   2   1  2     1    0   6   1  6  -0.0649565

             2  4             1  2     1            1  6  -0.0244553

     2   6   1  5     0   2   1  2     1    0   6   1  4   0.5473468

     2   6   1  5     0   2   1  2     1    0   6   1  6  -0.1350319

     2   6   1  6     0   2   1  2     1    0   6   1  4  -0.5426516

             2  6             1  2     1            1  4   0.1135748

     2   6   1  6     0   2   1  2     1    0   6   1  6   0.0722649

             2  6             1  2     1            1  6  -0.4088623

     2   6   1  7     0   2   1  2     1    0   6   1  6   0.5547002

     2   6   1  8     0   2   1  2     1    0   6   1  6  -0.5905235

     2   0   1  2     0   2   1  2     1    0   0   1  0  -0.9128709

     0   4   1  0     0   2   1  2     1    2   2   1  2   0.3596662

             1  0             1  2     1            2  2  -0.3520987

     0   4   1  2     0   2   1  2     1    2   2   1  0  -0.6831301

     0   4   1  2     0   2   1  2     1    2   2   1  2  -0.8519579

             1  2             1  2     1            2  2   0.1476034

     0   4   1  2     0   2   1  2     1    2   2   1  3   0.5976143

     0   4   1  2     0   2   1  2     1    2   2   1  4   0.1195229

     0   4   1  4     0   2   1  2     1    2   2   1  2  -0.0661739

             1  4             1  2     1            2  2  -0.7492231

     0   4   1  4     0   2   1  2     1    2   2   1  3  -0.8017837

     0   4   1  4     0   2   1  2     1    2   2   1  4  -0.8864053

     0   4   1  0     0   2   1  2     1    0   6   1  2   0.5291503

     0   4   1  2     0   2   1  2     1    0   6   1  0   0.7302967

     0   4   1  2     0   2   1  2     1    0   6   1  2   0.4780914

     0   4   1  2     0   2   1  2     1    0   6   1  4   0.7928250

     0   4   1  4     0   2   1  2     1    0   6   1  2   0.3023716

     0   4   1  4     0   2   1  2     1    0   6   1  4   0.3563483

     0   4   1  4     0   2   1  2     1    0   6   1  6   1.0000000

