 ((lm1 mu1)al1 L1; (lm2 mu2)al2 L2 || rh (lm3 mu3)al3 L3)
    16   0   1  0     0   2   1  2     1   14   0   1  2  -0.3124156

    16   0   1  2     0   2   1  2     1   14   0   1  0  -0.8388705

    16   0   1  2     0   2   1  2     1   14   0   1  2   0.4069120

    16   0   1  2     0   2   1  2     1   14   0   1  4  -0.3233808

    16   0   1  4     0   2   1  2     1   14   0   1  2  -0.6686246

    16   0   1  4     0   2   1  2     1   14   0   1  4   0.3776275

    16   0   1  4     0   2   1  2     1   14   0   1  6  -0.2868286

    16   0   1  6     0   2   1  2     1   14   0   1  4  -0.6916014

    16   0   1  6     0   2   1  2     1   14   0   1  6   0.3571414

    16   0   1  6     0   2   1  2     1   14   0   1  8  -0.2396118

    16   0   1  8     0   2   1  2     1   14   0   1  6  -0.7345983

    16   0   1  8     0   2   1  2     1   14   0   1  8   0.3317817

    16   0   1  8     0   2   1  2     1   14   0   1 10  -0.1881026

    16   0   1 10     0   2   1  2     1   14   0   1  8  -0.7839912

    16   0   1 10     0   2   1  2     1   14   0   1 10   0.2980621

    16   0   1 10     0   2   1  2     1   14   0   1 12  -0.1341831

    16   0   1 12     0   2   1  2     1   14   0   1 10  -0.8362451

    16   0   1 12     0   2   1  2     1   14   0   1 12   0.2519644

    16   0   1 12     0   2   1  2     1   14   0   1 14  -0.0779541

    16   0   1 14     0   2   1  2     1   14   0   1 12  -0.8900265

    16   0   1 14     0   2   1  2     1   14   0   1 14   0.1840926

    16   0   1 16     0   2   1  2     1   14   0   1 14  -0.9447195

    12   2   1  0     0   2   1  2     1   14   0   1  2   0.1704694

    12   2   1  2     0   2   1  2     1   14   0   1  0   0.3051959

             2  2             1  2     1            1  0  -0.8170307

    12   2   1  2     0   2   1  2     1   14   0   1  2  -0.1871910

             2  2             1  2     1            1  2  -0.4827593

    12   2   1  2     0   2   1  2     1   14   0   1  4   0.2300927

             2  2             1  2     1            1  4  -0.1001305

    12   2   1  3     0   2   1  2     1   14   0   1  2  -0.5741693

    12   2   1  3     0   2   1  2     1   14   0   1  4  -0.3405806

    12   2   1  4     0   2   1  2     1   14   0   1  2   0.1819485

             2  4             1  2     1            1  2  -0.3231321

    12   2   1  4     0   2   1  2     1   14   0   1  4  -0.1879334

             2  4             1  2     1            1  4  -0.5281010

    12   2   1  4     0   2   1  2     1   14   0   1  6   0.2681486

             2  4             1  2     1            1  6  -0.1816354

    12   2   1  5     0   2   1  2     1   14   0   1  4  -0.4622502

    12   2   1  5     0   2   1  2     1   14   0   1  6  -0.4213250

    12   2   1  6     0   2   1  2     1   14   0   1  4   0.1361366

             2  6             1  2     1            1  4  -0.2179722

    12   2   1  6     0   2   1  2     1   14   0   1  6  -0.2015572

             2  6             1  2     1            1  6  -0.5262566

    12   2   1  6     0   2   1  2     1   14   0   1  8   0.3001296

             2  6             1  2     1            1  8  -0.2386318

    12   2   1  7     0   2   1  2     1   14   0   1  6  -0.3900712

    12   2   1  7     0   2   1  2     1   14   0   1  8  -0.4722418

    12   2   1  8     0   2   1  2     1   14   0   1  6   0.0985103

             2  8             1  2     1            1  6  -0.1564728

    12   2   1  8     0   2   1  2     1   14   0   1  8  -0.2237952

             2  8             1  2     1            1  8  -0.5119005

    12   2   1  8     0   2   1  2     1   14   0   1 10   0.3278407

             2  8             1  2     1            1 10  -0.2885213

    12   2   1  9     0   2   1  2     1   14   0   1  8  -0.3265854

    12   2   1  9     0   2   1  2     1   14   0   1 10  -0.5115106

    12   2   1 10     0   2   1  2     1   14   0   1  8   0.0636750

             2 10             1  2     1            1  8  -0.1084693

    12   2   1 10     0   2   1  2     1   14   0   1 10  -0.2568314

             2 10             1  2     1            1 10  -0.4861484

    12   2   1 10     0   2   1  2     1   14   0   1 12   0.3501642

             2 10             1  2     1            1 12  -0.3379818

    12   2   1 11     0   2   1  2     1   14   0   1 10  -0.2608203

    12   2   1 11     0   2   1  2     1   14   0   1 12  -0.5447048

    12   2   1 12     0   2   1  2     1   14   0   1 10   0.0302306

             2 12             1  2     1            1 10  -0.0650228

    12   2   1 12     0   2   1  2     1   14   0   1 12  -0.3081985

             2 12             1  2     1            1 12  -0.4407507

    12   2   1 12     0   2   1  2     1   14   0   1 14   0.3617499

             2 12             1  2     1            1 14  -0.3936838

    12   2   1 13     0   2   1  2     1   14   0   1 12  -0.1815683

    12   2   1 13     0   2   1  2     1   14   0   1 14  -0.5741693

    12   2   1 14     0   2   1  2     1   14   0   1 12  -0.0125449

    12   2   1 14     0   2   1  2     1   14   0   1 14  -0.5228466

    12   2   1  0     0   2   1  2     1   10   2   1  2  -0.3006356

             1  0             1  2     1            2  2  -0.0016930

    12   2   1  2     0   2   1  2     1   10   2   1  0  -0.8435024

             2  2             1  2     1            1  0   0.0064978

    12   2   1  2     0   2   1  2     1   10   2   1  2   0.3990594

             1  2             1  2     1            2  2   0.0039148

             2  2             1  2     1            1  2  -0.0072645

             2  2             1  2     1            2  2  -0.4037166

    12   2   1  2     0   2   1  2     1   10   2   1  3   0.0016500

             2  2             1  2     1            1  3  -0.3994423

    12   2   1  2     0   2   1  2     1   10   2   1  4  -0.2982499

             1  2             1  2     1            2  4  -0.0060335

             2  2             1  2     1            1  4  -0.0059369

             2  2             1  2     1            2  4  -0.1953861

    12   2   1  3     0   2   1  2     1   10   2   1  2   0.0061561

             1  3             1  2     1            2  2   0.5930490

    12   2   1  3     0   2   1  2     1   10   2   1  3   0.0000000

    12   2   1  3     0   2   1  2     1   10   2   1  4  -0.0136862

             1  3             1  2     1            2  4  -0.3248241

    12   2   1  3     0   2   1  2     1   10   2   1  5  -0.2224746

    12   2   1  4     0   2   1  2     1   10   2   1  2  -0.6865614

             1  4             1  2     1            2  2   0.0035575

             2  4             1  2     1            1  2   0.0165564

             2  4             1  2     1            2  2  -0.4473207

    12   2   1  4     0   2   1  2     1   10   2   1  3  -0.0083110

             2  4             1  2     1            1  3   0.5008825

    12   2   1  4     0   2   1  2     1   10   2   1  4   0.3646562

             1  4             1  2     1            2  4   0.0059133

             2  4             1  2     1            1  4  -0.0050358

             2  4             1  2     1            2  4   0.1475253

    12   2   1  4     0   2   1  2     1   10   2   1  5   0.0042543

             2  4             1  2     1            1  5  -0.2563971

    12   2   1  4     0   2   1  2     1   10   2   1  6  -0.2489422

             1  4             1  2     1            2  6  -0.0098323

             2  4             1  2     1            1  6  -0.0139585

             2  4             1  2     1            2  6  -0.2186996

    12   2   1  5     0   2   1  2     1   10   2   1  3  -0.5603818

    12   2   1  5     0   2   1  2     1   10   2   1  4   0.0176467

             1  5             1  2     1            2  4   0.4188216

    12   2   1  5     0   2   1  2     1   10   2   1  5   0.2132372

    12   2   1  5     0   2   1  2     1   10   2   1  6  -0.0200404

             1  5             1  2     1            2  6  -0.2027682

    12   2   1  5     0   2   1  2     1   10   2   1  7  -0.2025479

    12   2   1  6     0   2   1  2     1   10   2   1  4  -0.7218853

             1  6             1  2     1            2  4   0.0074628

             2  6             1  2     1            1  4   0.0245321

             2  6             1  2     1            2  4  -0.6297671

    12   2   1  6     0   2   1  2     1   10   2   1  5  -0.0136200

             2  6             1  2     1            1  5   0.3574362

    12   2   1  6     0   2   1  2     1   10   2   1  6   0.3349919

             1  6             1  2     1            2  6   0.0088732

             2  6             1  2     1            1  6   0.0003010

             2  6             1  2     1            2  6   0.2420857

    12   2   1  6     0   2   1  2     1   10   2   1  7   0.0061447

             2  6             1  2     1            1  7  -0.1612573

    12   2   1  6     0   2   1  2     1   10   2   1  8  -0.1892359

             1  6             1  2     1            2  8  -0.0136229

             2  6             1  2     1            1  8  -0.0217710

             2  6             1  2     1            2  8  -0.1782526

    12   2   1  7     0   2   1  2     1   10   2   1  5  -0.6819347

    12   2   1  7     0   2   1  2     1   10   2   1  6   0.0304398

             1  7             1  2     1            2  6   0.3079894

    12   2   1  7     0   2   1  2     1   10   2   1  7   0.2527377

    12   2   1  7     0   2   1  2     1   10   2   1  8  -0.0248859

             1  7             1  2     1            2  8  -0.1268765

    12   2   1  7     0   2   1  2     1   10   2   1  9  -0.1522393

    12   2   1  8     0   2   1  2     1   10   2   1  6  -0.7765964

             1  8             1  2     1            2  6   0.0109316

             2  8             1  2     1            1  6   0.0322578

             2  8             1  2     1            2  6  -0.7286496

    12   2   1  8     0   2   1  2     1   10   2   1  7  -0.0196552

             2  8             1  2     1            1  7   0.2714549

    12   2   1  8     0   2   1  2     1   10   2   1  8   0.2950320

             1  8             1  2     1            2  8   0.0138028

             2  8             1  2     1            1  8   0.0094572

             2  8             1  2     1            2  8   0.2480485

    12   2   1  8     0   2   1  2     1   10   2   1  9   0.0072241

             2  8             1  2     1            1  9  -0.0997713

    12   2   1  8     0   2   1  2     1   10   2   1 10  -0.1254137

             1  8             1  2     1            2 10  -0.0178246

             2  8             1  2     1            1 10  -0.0300045

             2  8             1  2     1            2 10  -0.1193577

    12   2   1  9     0   2   1  2     1   10   2   1  7  -0.7686453

    12   2   1  9     0   2   1  2     1   10   2   1  8   0.0461807

             1  9             1  2     1            2  8   0.2354443

    12   2   1  9     0   2   1  2     1   10   2   1  9   0.2376048

    12   2   1  9     0   2   1  2     1   10   2   1 10  -0.0284875

             1  9             1  2     1            2 10  -0.0740766

    12   2   1  9     0   2   1  2     1   10   2   1 11  -0.0906716

    12   2   1 10     0   2   1  2     1   10   2   1  8  -0.8366960

             1 10             1  2     1            2  8   0.0142276

             2 10             1  2     1            1  8   0.0398809

             2 10             1  2     1            2  8  -0.8111806

    12   2   1 10     0   2   1  2     1   10   2   1  9  -0.0271514

             2 10             1  2     1            1  9   0.2126931

    12   2   1 10     0   2   1  2     1   10   2   1 10   0.2372400

             1 10             1  2     1            2 10   0.0232058

             2 10             1  2     1            1 10   0.0263327

             2 10             1  2     1            2 10   0.2091996

    12   2   1 10     0   2   1  2     1   10   2   1 11   0.0069573

             2 10             1  2     1            1 11  -0.0545011

    12   2   1 10     0   2   1  2     1   10   2   1 12  -0.0624463

             2 10             1  2     1            1 12  -0.0591908

    12   2   1 11     0   2   1  2     1   10   2   1  9  -0.8457606

    12   2   1 11     0   2   1  2     1   10   2   1 10   0.0680899

             1 11             1  2     1            2 10   0.1770554

    12   2   1 11     0   2   1  2     1   10   2   1 11   0.1834940

    12   2   1 11     0   2   1  2     1   10   2   1 12  -0.0421514

    12   2   1 12     0   2   1  2     1   10   2   1 10  -0.8974995

             1 12             1  2     1            2 10   0.0174404

             2 12             1  2     1            1 10   0.0470176

             2 12             1  2     1            2 10  -0.8901097

    12   2   1 12     0   2   1  2     1   10   2   1 11  -0.0376273

             2 12             1  2     1            1 11   0.1662869

    12   2   1 12     0   2   1  2     1   10   2   1 12   0.1466903

             2 12             1  2     1            1 12   0.1149296

    12   2   1 13     0   2   1  2     1   10   2   1 11  -0.9192411

    12   2   1 13     0   2   1  2     1   10   2   1 12   0.1490354

    12   2   1 14     0   2   1  2     1   10   2   1 12  -0.9267395

    10   0   1  0     0   2   1  2     1   10   2   1  2   0.2998041

             1  0             1  2     1            2  2   0.6824024

    10   0   1  2     0   2   1  2     1   10   2   1  0   0.5270463

    10   0   1  2     0   2   1  2     1   10   2   1  2  -0.3223742

             1  2             1  2     1            2  2   0.7219609

    10   0   1  2     0   2   1  2     1   10   2   1  3  -0.9078413

    10   0   1  2     0   2   1  2     1   10   2   1  4   0.4120447

             1  2             1  2     1            2  4   0.6011279

    10   0   1  4     0   2   1  2     1   10   2   1  2   0.3112348

             1  4             1  2     1            2  2   0.1141185

    10   0   1  4     0   2   1  2     1   10   2   1  3  -0.4193139

    10   0   1  4     0   2   1  2     1   10   2   1  4  -0.3145928

             1  4             1  2     1            2  4   0.7884441

    10   0   1  4     0   2   1  2     1   10   2   1  5  -0.9122323

    10   0   1  4     0   2   1  2     1   10   2   1  6   0.4927485

             1  4             1  2     1            2  6   0.6081890

    10   0   1  6     0   2   1  2     1   10   2   1  4   0.2301468

             1  6             1  2     1            2  4   0.1256863

    10   0   1  6     0   2   1  2     1   10   2   1  5  -0.4096732

    10   0   1  6     0   2   1  2     1   10   2   1  6  -0.3231939

             1  6             1  2     1            2  6   0.7840520

    10   0   1  6     0   2   1  2     1   10   2   1  7  -0.9364417

    10   0   1  6     0   2   1  2     1   10   2   1  8   0.5730114

             1  6             1  2     1            2  8   0.6290790

    10   0   1  8     0   2   1  2     1   10   2   1  6   0.1624326

             1  8             1  2     1            2  6   0.0961774

    10   0   1  8     0   2   1  2     1   10   2   1  7  -0.3508232

    10   0   1  8     0   2   1  2     1   10   2   1  8  -0.3392129

             1  8             1  2     1            2  8   0.7617160

    10   0   1  8     0   2   1  2     1   10   2   1  9  -0.9670691

    10   0   1  8     0   2   1  2     1   10   2   1 10   0.6660764

             1  8             1  2     1            2 10   0.6407755

    10   0   1 10     0   2   1  2     1   10   2   1  8   0.0962961

             1 10             1  2     1            2  8   0.0546981

    10   0   1 10     0   2   1  2     1   10   2   1  9  -0.2545139

    10   0   1 10     0   2   1  2     1   10   2   1 10  -0.3632221

             1 10             1  2     1            2 10   0.7256991

    10   0   1 10     0   2   1  2     1   10   2   1 11  -1.0000000

    10   0   1 10     0   2   1  2     1   10   2   1 12   1.0000000

    10   0   1  0     0   2   1  2     1    8   0   1  2  -0.2842676

    10   0   1  2     0   2   1  2     1    8   0   1  0  -0.8498366

    10   0   1  2     0   2   1  2     1    8   0   1  2   0.3873915

    10   0   1  2     0   2   1  2     1    8   0   1  4  -0.2631807

    10   0   1  4     0   2   1  2     1    8   0   1  2  -0.7116836

    10   0   1  4     0   2   1  2     1    8   0   1  4   0.3436041

    10   0   1  4     0   2   1  2     1    8   0   1  6  -0.1953041

    10   0   1  6     0   2   1  2     1    8   0   1  4  -0.7651140

    10   0   1  6     0   2   1  2     1    8   0   1  6   0.2956681

    10   0   1  6     0   2   1  2     1    8   0   1  8  -0.1153671

    10   0   1  8     0   2   1  2     1    8   0   1  6  -0.8382837

    10   0   1  8     0   2   1  2     1    8   0   1  8   0.2201928

    10   0   1 10     0   2   1  2     1    8   0   1  8  -0.9177396

     8   4   1  0     0   2   1  2     1   10   2   1  2   0.1957375

             1  0             1  2     1            2  2  -0.2215722

     8   4   1  2     0   2   1  2     1   10   2   1  0   0.3192940

             2  2             1  2     1            1  0  -0.7757287

     8   4   1  2     0   2   1  2     1   10   2   1  2  -0.2111802

             1  2             1  2     1            2  2  -0.2228568

             2  2             1  2     1            1  2  -0.4748429

             2  2             1  2     1            2  2   0.1792032

     8   4   1  2     0   2   1  2     1   10   2   1  3   0.2936251

             2  2             1  2     1            1  3   0.2277708

     8   4   1  2     0   2   1  2     1   10   2   1  4   0.2736069

             1  2             1  2     1            2  4  -0.2052208

             2  2             1  2     1            1  4  -0.1050275

             2  2             1  2     1            2  4   0.1544176

     8   4   1  3     0   2   1  2     1   10   2   1  2  -0.5420610

             1  3             1  2     1            2  2  -0.1987541

     8   4   1  3     0   2   1  2     1   10   2   1  3   0.0000000

     8   4   1  3     0   2   1  2     1   10   2   1  4  -0.3474520

             1  3             1  2     1            2  4   0.2136526

     8   4   1  3     0   2   1  2     1   10   2   1  5   0.2080210

     8   4   1  4     0   2   1  2     1   10   2   1  2   0.1708034

             1  4             1  2     1            2  2  -0.0297048

             2  4             1  2     1            1  2  -0.2849307

             2  4             1  2     1            2  2   0.0916345

             3  4             1  2     1            1  2  -0.0006837

             3  4             1  2     1            2  2  -0.7748296

     8   4   1  4     0   2   1  2     1   10   2   1  3   0.1176892

             2  4             1  2     1            1  3  -0.1660623

             3  4             1  2     1            1  3  -0.5578028

     8   4   1  4     0   2   1  2     1   10   2   1  4  -0.2238997

             1  4             1  2     1            2  4  -0.2398168

             2  4             1  2     1            1  4  -0.5135362

             2  4             1  2     1            2  4  -0.0657312

             3  4             1  2     1            1  4  -0.0009278

             3  4             1  2     1            2  4  -0.3432359

     8   4   1  4     0   2   1  2     1   10   2   1  5   0.3010887

             2  4             1  2     1            1  5   0.1836466

             3  4             1  2     1            1  5  -0.1694415

     8   4   1  4     0   2   1  2     1   10   2   1  6   0.3248185

             1  4             1  2     1            2  6  -0.2171644

             2  4             1  2     1            1  6  -0.1947464

             2  4             1  2     1            2  6   0.2549986

             3  4             1  2     1            1  6  -0.0002152

             3  4             1  2     1            2  6  -0.0578540

     8   4   1  5     0   2   1  2     1   10   2   1  3   0.0877640

             2  5             1  2     1            1  3  -0.5369334

     8   4   1  5     0   2   1  2     1   10   2   1  4  -0.4151642

             1  5             1  2     1            2  4  -0.1341606

             2  5             1  2     1            1  4  -0.0019735

             2  5             1  2     1            2  4  -0.5673906

     8   4   1  5     0   2   1  2     1   10   2   1  5  -0.1178363

             2  5             1  2     1            1  5  -0.4409334

     8   4   1  5     0   2   1  2     1   10   2   1  6  -0.4333758

             1  5             1  2     1            2  6   0.1800264

             2  5             1  2     1            1  6  -0.0012749

             2  5             1  2     1            2  6  -0.2573917

     8   4   1  5     0   2   1  2     1   10   2   1  7   0.2780784

             2  5             1  2     1            1  7  -0.0995024

     8   4   1  6     0   2   1  2     1   10   2   1  4   0.1058077

             1  6             1  2     1            2  4  -0.0261691

             2  6             1  2     1            1  4  -0.1704192

             2  6             1  2     1            2  4   0.0744992

             3  6             1  2     1            1  4  -0.0018764

             3  6             1  2     1            2  4  -0.3979937

     8   4   1  6     0   2   1  2     1   10   2   1  5   0.1039568

             2  6             1  2     1            1  5  -0.1245529

             3  6             1  2     1            1  5  -0.5300657

     8   4   1  6     0   2   1  2     1   10   2   1  6  -0.2602618

             1  6             1  2     1            2  6  -0.2312474

             2  6             1  2     1            1  6  -0.4997802

             2  6             1  2     1            2  6  -0.1320689

             3  6             1  2     1            1  6  -0.0033936

             3  6             1  2     1            2  6  -0.4884121

     8   4   1  6     0   2   1  2     1   10   2   1  7   0.3145456

             2  6             1  2     1            1  7   0.1425672

             3  6             1  2     1            1  7  -0.3242659

     8   4   1  6     0   2   1  2     1   10   2   1  8   0.3636601

             1  6             1  2     1            2  8  -0.2352459

             2  6             1  2     1            1  8  -0.2595182

             2  6             1  2     1            2  8   0.3264743

             3  6             1  2     1            1  8  -0.0007819

             3  6             1  2     1            2  8  -0.1393173

     8   4   1  7     0   2   1  2     1   10   2   1  5   0.0535608

             2  7             1  2     1            1  5  -0.3030454

     8   4   1  7     0   2   1  2     1   10   2   1  6  -0.3223551

             1  7             1  2     1            2  6  -0.1062771

             2  7             1  2     1            1  6  -0.0049906

             2  7             1  2     1            2  6  -0.4815706

     8   4   1  7     0   2   1  2     1   10   2   1  7  -0.1811558

             2  7             1  2     1            1  7  -0.5102141

     8   4   1  7     0   2   1  2     1   10   2   1  8  -0.4872063

             1  7             1  2     1            2  8   0.1628277

             2  7             1  2     1            1  8  -0.0035863

             2  7             1  2     1            2  8  -0.3798837

     8   4   1  7     0   2   1  2     1   10   2   1  9   0.3282845

             2  7             1  2     1            1  9  -0.1768903

     8   4   1  8     0   2   1  2     1   10   2   1  6   0.0504866

             1  8             1  2     1            2  6  -0.0100831

             2  8             1  2     1            1  6  -0.0965463

             2  8             1  2     1            2  6   0.0331756

             3  8             1  2     1            1  6  -0.0038808

             3  8             1  2     1            2  6  -0.2307869

     8   4   1  8     0   2   1  2     1   10   2   1  7   0.0724494

             2  8             1  2     1            1  7  -0.1131969

             3  8             1  2     1            1  7  -0.4280644

     8   4   1  8     0   2   1  2     1   10   2   1  8  -0.3219457

             1  8             1  2     1            2  8  -0.2092350

             2  8             1  2     1            1  8  -0.4608961

             2  8             1  2     1            2  8  -0.1805157

             3  8             1  2     1            1  8  -0.0086470

             3  8             1  2     1            2  8  -0.5173372

     8   4   1  8     0   2   1  2     1   10   2   1  9   0.3311316

             2  8             1  2     1            1  9   0.0994773

             3  8             1  2     1            1  9  -0.4243743

     8   4   1  8     0   2   1  2     1   10   2   1 10   0.3849486

             1  8             1  2     1            2 10  -0.2540943

             2  8             1  2     1            1 10  -0.3142429

             2  8             1  2     1            2 10   0.3989092

             3  8             1  2     1            1 10  -0.0011896

             3  8             1  2     1            2 10  -0.2184369

     8   4   1  9     0   2   1  2     1   10   2   1  7   0.0113628

             2  9             1  2     1            1  7  -0.1713126

     8   4   1  9     0   2   1  2     1   10   2   1  8  -0.2279276

             1  9             1  2     1            2  8  -0.1053438

             2  9             1  2     1            1  8  -0.0116047

             2  9             1  2     1            2  8  -0.3702940

     8   4   1  9     0   2   1  2     1   10   2   1  9  -0.2502388

             2  9             1  2     1            1  9  -0.5092483

     8   4   1  9     0   2   1  2     1   10   2   1 10  -0.5249156

             1  9             1  2     1            2 10   0.1567827

             2  9             1  2     1            1 10  -0.0083141

             2  9             1  2     1            2 10  -0.4696670

     8   4   1  9     0   2   1  2     1   10   2   1 11   0.3651550

             2  9             1  2     1            1 11  -0.2547461

     8   4   1 10     0   2   1  2     1   10   2   1  8  -0.0181847

             1 10             1  2     1            2  8  -0.0123395

             2 10             1  2     1            1  8  -0.0161542

             2 10             1  2     1            2  8  -0.1156092

     8   4   1 10     0   2   1  2     1   10   2   1  9  -0.0747743

             2 10             1  2     1            1  9  -0.3196647

     8   4   1 10     0   2   1  2     1   10   2   1 10  -0.5664096

             1 10             1  2     1            2 10  -0.3189468

             2 10             1  2     1            1 10   0.0010676

             2 10             1  2     1            2 10  -0.4745846

     8   4   1 10     0   2   1  2     1   10   2   1 11   0.2615085

             2 10             1  2     1            1 11  -0.5504657

     8   4   1 10     0   2   1  2     1   10   2   1 12   0.1005802

             2 10             1  2     1            1 12  -0.2117176

     8   4   1 11     0   2   1  2     1   10   2   1  9  -0.0700356

     8   4   1 11     0   2   1  2     1   10   2   1 10  -0.0977320

             1 11             1  2     1            2 10  -0.2541340

     8   4   1 11     0   2   1  2     1   10   2   1 11  -0.5698029

     8   4   1 11     0   2   1  2     1   10   2   1 12  -0.4861724

     8   4   1 12     0   2   1  2     1   10   2   1 10  -0.0123928

             1 12             1  2     1            2 10  -0.0322252

     8   4   1 12     0   2   1  2     1   10   2   1 11  -0.1602863

     8   4   1 12     0   2   1  2     1   10   2   1 12  -0.7132290

     8   4   1  0     0   2   1  2     1    6   4   1  2  -0.2797771

             1  0             1  2     1            2  2  -0.0056250

     8   4   1  2     0   2   1  2     1    6   4   1  0  -0.8512076

             2  2             1  2     1            1  0   0.0177030

     8   4   1  2     0   2   1  2     1    6   4   1  2   0.3838791

             1  2             1  2     1            2  2   0.0128786

             2  2             1  2     1            1  2  -0.0201712

             2  2             1  2     1            2  2  -0.3925028

     8   4   1  2     0   2   1  2     1    6   4   1  3   0.0048659

             2  2             1  2     1            1  3  -0.3697091

     8   4   1  2     0   2   1  2     1    6   4   1  4  -0.2538931

             1  2             1  2     1            2  4  -0.0196732

             1  2             1  2     1            3  4  -0.0001170

             2  2             1  2     1            1  4  -0.0170467

             2  2             1  2     1            2  4  -0.1683664

             2  2             1  2     1            3  4  -0.0046646

     8   4   1  3     0   2   1  2     1    6   4   1  2   0.0185005

             1  3             1  2     1            2  2   0.5954084

     8   4   1  3     0   2   1  2     1    6   4   1  3  -0.0000000

     8   4   1  3     0   2   1  2     1    6   4   1  4  -0.0383447

             1  3             1  2     1            2  4  -0.2898567

             1  3             1  2     1            3  4  -0.0080153

     8   4   1  3     0   2   1  2     1    6   4   1  5  -0.1804939

             1  3             1  2     1            2  5  -0.0106890

     8   4   1  4     0   2   1  2     1    6   4   1  2  -0.7168984

             1  4             1  2     1            2  2   0.0112139

             2  4             1  2     1            1  2   0.0467245

             2  4             1  2     1            2  2  -0.4709376

             3  4             1  2     1            1  2  -0.0006915

             3  4             1  2     1            2  2   0.0123242

     8   4   1  4     0   2   1  2     1    6   4   1  3  -0.0273386

             2  4             1  2     1            1  3   0.5033850

             3  4             1  2     1            1  3  -0.0131619

     8   4   1  4     0   2   1  2     1    6   4   1  4   0.3368723

             1  4             1  2     1            2  4   0.0215626

             1  4             1  2     1            3  4  -0.0002984

             2  4             1  2     1            1  4  -0.0105527

             2  4             1  2     1            2  4   0.1364736

             2  4             1  2     1            3  4   0.0128160

             3  4             1  2     1            1  4  -0.0007610

             3  4             1  2     1            2  4  -0.0237787

             3  4             1  2     1            3  4  -0.5185287

     8   4   1  4     0   2   1  2     1    6   4   1  5   0.0118583

             1  4             1  2     1            2  5   0.0005054

             2  4             1  2     1            1  5  -0.2182001

             2  4             1  2     1            2  5  -0.0075105

             3  4             1  2     1            1  5  -0.0198076

             3  4             1  2     1            2  5  -0.3127748

     8   4   1  4     0   2   1  2     1    6   4   1  6  -0.1824926

             1  4             1  2     1            2  6  -0.0326476

             1  4             1  2     1            3  6  -0.0002487

             2  4             1  2     1            1  6  -0.0406663

             2  4             1  2     1            2  6  -0.1603971

             2  4             1  2     1            3  6  -0.0156375

             3  4             1  2     1            1  6  -0.0000008

             3  4             1  2     1            2  6  -0.0093279

             3  4             1  2     1            3  6  -0.0954779

     8   4   1  5     0   2   1  2     1    6   4   1  3  -0.5967590

             2  5             1  2     1            1  3   0.0319619

     8   4   1  5     0   2   1  2     1    6   4   1  4   0.0550339

             1  5             1  2     1            2  4   0.4154443

             1  5             1  2     1            3  4  -0.0092074

             2  5             1  2     1            1  4  -0.0020708

             2  5             1  2     1            2  4   0.0002329

             2  5             1  2     1            3  4   0.5775886

     8   4   1  5     0   2   1  2     1    6   4   1  5   0.1932911

             1  5             1  2     1            2  5   0.0189076

             2  5             1  2     1            1  5  -0.0273759

             2  5             1  2     1            2  5  -0.2098422

     8   4   1  5     0   2   1  2     1    6   4   1  6  -0.0553341

             1  5             1  2     1            2  6  -0.1595520

             1  5             1  2     1            3  6  -0.0068392

             2  5             1  2     1            1  6  -0.0006037

             2  5             1  2     1            2  6  -0.0317026

             2  5             1  2     1            3  6  -0.2843989

     8   4   1  5     0   2   1  2     1    6   4   1  7  -0.1336090

             1  5             1  2     1            2  7  -0.0201990

             2  5             1  2     1            1  7  -0.0171014

             2  5             1  2     1            2  7  -0.1052660

     8   4   1  6     0   2   1  2     1    6   4   1  4  -0.7715139

             1  6             1  2     1            2  4   0.0233668

             1  6             1  2     1            3  4  -0.0000829

             2  6             1  2     1            1  4   0.0695426

             2  6             1  2     1            2  4  -0.6815466

             2  6             1  2     1            3  4   0.0035266

             3  6             1  2     1            1  4  -0.0023002

             3  6             1  2     1            2  4   0.0465548

             3  6             1  2     1            3  4  -0.3654320

     8   4   1  6     0   2   1  2     1    6   4   1  5  -0.0465703

             1  6             1  2     1            2  5   0.0005237

             2  6             1  2     1            1  5   0.3556868

             2  6             1  2     1            2  5  -0.0152699

             3  6             1  2     1            1  5   0.0164159

             3  6             1  2     1            2  5   0.5894109

     8   4   1  6     0   2   1  2     1    6   4   1  6   0.2829146

             1  6             1  2     1            2  6   0.0374601

             1  6             1  2     1            3  6  -0.0014409

             2  6             1  2     1            1  6   0.0136070

             2  6             1  2     1            2  6   0.2014718

             2  6             1  2     1            3  6   0.0252248

             3  6             1  2     1            1  6  -0.0034308

             3  6             1  2     1            2  6  -0.0247163

             3  6             1  2     1            3  6  -0.0481796

     8   4   1  6     0   2   1  2     1    6   4   1  7   0.0152358

             1  6             1  2     1            2  7   0.0014968

             2  6             1  2     1            1  7  -0.1156721

             2  6             1  2     1            2  7  -0.0071041

             3  6             1  2     1            1  7  -0.0416586

             3  6             1  2     1            2  7  -0.2269498

     8   4   1  6     0   2   1  2     1    6   4   1  8  -0.1105223

             1  6             1  2     1            2  8   0.0152827

             2  6             1  2     1            1  8  -0.1044489

             2  6             1  2     1            2  8  -0.0264044

             3  6             1  2     1            1  8  -0.0225598

             3  6             1  2     1            2  8  -0.0913746

     8   4   1  7     0   2   1  2     1    6   4   1  5  -0.7407522

             1  7             1  2     1            2  5   0.0059379

             2  7             1  2     1            1  5   0.0585883

             2  7             1  2     1            2  5  -0.5235526

     8   4   1  7     0   2   1  2     1    6   4   1  6   0.1011800

             1  7             1  2     1            2  6   0.2882637

             1  7             1  2     1            3  6  -0.0205355

             2  7             1  2     1            1  6  -0.0070371

             2  7             1  2     1            2  6   0.0371800

             2  7             1  2     1            3  6   0.5445046

     8   4   1  7     0   2   1  2     1    6   4   1  7   0.2019345

             1  7             1  2     1            2  7   0.0322795

             2  7             1  2     1            1  7  -0.0181897

             2  7             1  2     1            2  7   0.0367942

     8   4   1  7     0   2   1  2     1    6   4   1  8  -0.0964768

             1  7             1  2     1            2  8  -0.0067829

             2  7             1  2     1            1  8  -0.0452014

             2  7             1  2     1            2  8  -0.1671122

     8   4   1  7     0   2   1  2     1    6   4   1  9  -0.0611682

             2  7             1  2     1            1  9  -0.0691491

     8   4   1  8     0   2   1  2     1    6   4   1  6  -0.8405839

             1  8             1  2     1            2  6   0.0337371

             1  8             1  2     1            3  6  -0.0003362

             2  8             1  2     1            1  6   0.0907402

             2  8             1  2     1            2  6  -0.8077774

             2  8             1  2     1            3  6   0.0083009

             3  8             1  2     1            1  6  -0.0059180

             3  8             1  2     1            2  6   0.0724492

             3  8             1  2     1            3  6  -0.6385380

     8   4   1  8     0   2   1  2     1    6   4   1  7  -0.0717803

             1  8             1  2     1            2  7   0.0020129

             2  8             1  2     1            1  7   0.2645049

             2  8             1  2     1            2  7  -0.0269307

             3  8             1  2     1            1  7   0.0577861

             3  8             1  2     1            2  7   0.4855022

     8   4   1  8     0   2   1  2     1    6   4   1  8   0.2022851

             1  8             1  2     1            2  8  -0.0384231

             2  8             1  2     1            1  8   0.1396390

             2  8             1  2     1            2  8   0.0567198

             3  8             1  2     1            1  8  -0.0045063

             3  8             1  2     1            2  8   0.0718711

     8   4   1  8     0   2   1  2     1    6   4   1  9   0.0115048

             2  8             1  2     1            1  9  -0.0380454

             3  8             1  2     1            1  9  -0.1178250

     8   4   1  8     0   2   1  2     1    6   4   1 10  -0.0586878

             2  8             1  2     1            1 10  -0.0628120

             3  8             1  2     1            1 10  -0.0370064

     8   4   1  9     0   2   1  2     1    6   4   1  7  -0.8444358

             1  9             1  2     1            2  7   0.0095811

             2  9             1  2     1            1  7   0.0822719

             2  9             1  2     1            2  7  -0.7321584

     8   4   1  9     0   2   1  2     1    6   4   1  8   0.2381305

             1  9             1  2     1            2  8  -0.0338374

             2  9             1  2     1            1  8   0.0731923

             2  9             1  2     1            2  8   0.4224349

     8   4   1  9     0   2   1  2     1    6   4   1  9   0.1297576

             2  9             1  2     1            1  9   0.0638591

     8   4   1  9     0   2   1  2     1    6   4   1 10  -0.0543642

             2  9             1  2     1            1 10  -0.0623069

     8   4   1 10     0   2   1  2     1    6   4   1  8  -0.8346240

             1 10             1  2     1            2  8   0.0047456

             2 10             1  2     1            1  8   0.0650883

             2 10             1  2     1            2  8  -0.8084266

     8   4   1 10     0   2   1  2     1    6   4   1  9   0.0329649

             2 10             1  2     1            1  9   0.3614239

     8   4   1 10     0   2   1  2     1    6   4   1 10   0.1803305

             2 10             1  2     1            1 10   0.0189207

     8   4   1 11     0   2   1  2     1    6   4   1  9  -0.8522416

     8   4   1 11     0   2   1  2     1    6   4   1 10   0.2702145

     8   4   1 12     0   2   1  2     1    6   4   1 10  -0.8908708

     6   2   1  0     0   2   1  2     1    8   0   1  2   0.1868706

     6   2   1  2     0   2   1  2     1    8   0   1  0   0.2780176

             2  2             1  2     1            1  0  -0.8177640

     6   2   1  2     0   2   1  2     1    8   0   1  2  -0.1976293

             2  2             1  2     1            1  2  -0.5173316

     6   2   1  2     0   2   1  2     1    8   0   1  4   0.2708338

             2  2             1  2     1            1  4  -0.1228187

     6   2   1  3     0   2   1  2     1    8   0   1  2  -0.5669467

     6   2   1  3     0   2   1  2     1    8   0   1  4  -0.3933979

     6   2   1  4     0   2   1  2     1    8   0   1  2   0.1309901

             2  4             1  2     1            1  2  -0.2788181

     6   2   1  4     0   2   1  2     1    8   0   1  4  -0.2197206

             2  4             1  2     1            1  4  -0.5511476

     6   2   1  4     0   2   1  2     1    8   0   1  6   0.3298403

             2  4             1  2     1            1  6  -0.2367289

     6   2   1  5     0   2   1  2     1    8   0   1  4  -0.4082483

     6   2   1  5     0   2   1  2     1    8   0   1  6  -0.4972452

     6   2   1  6     0   2   1  2     1    8   0   1  4   0.0580155

             2  6             1  2     1            1  4  -0.1429816

     6   2   1  6     0   2   1  2     1    8   0   1  6  -0.2775552

             2  6             1  2     1            1  6  -0.5148074

     6   2   1  6     0   2   1  2     1    8   0   1  8   0.3736347

             2  6             1  2     1            1  8  -0.3334528

     6   2   1  7     0   2   1  2     1    8   0   1  6  -0.2723524

     6   2   1  7     0   2   1  2     1    8   0   1  8  -0.5669467

     6   2   1  8     0   2   1  2     1    8   0   1  6  -0.0322157

     6   2   1  8     0   2   1  2     1    8   0   1  8  -0.5627314

     6   2   1  0     0   2   1  2     1    6   4   1  2   0.2523569

             1  0             1  2     1            2  2   0.4884037

     6   2   1  2     0   2   1  2     1    6   4   1  0   0.4245368

             2  2             1  2     1            1  0   0.5752214

     6   2   1  2     0   2   1  2     1    6   4   1  2  -0.2628730

             1  2             1  2     1            2  2   0.5071218

             2  2             1  2     1            1  2   0.3533949

             2  2             1  2     1            2  2   0.2232652

     6   2   1  2     0   2   1  2     1    6   4   1  3  -0.6481518

             2  2             1  2     1            1  3   0.2939264

     6   2   1  2     0   2   1  2     1    6   4   1  4   0.3583448

             1  2             1  2     1            2  4   0.4357174

             1  2             1  2     1            3  4   0.0011498

             2  2             1  2     1            1  4   0.0786642

             2  2             1  2     1            2  4   0.1938852

             2  2             1  2     1            3  4   0.8149976

     6   2   1  3     0   2   1  2     1    6   4   1  2   0.4030052

             1  3             1  2     1            2  2  -0.2634483

     6   2   1  3     0   2   1  2     1    6   4   1  3   0.0000000

     6   2   1  3     0   2   1  2     1    6   4   1  4   0.2614424

             1  3             1  2     1            2  4   0.2547689

             1  3             1  2     1            3  4  -0.5226905

     6   2   1  3     0   2   1  2     1    6   4   1  5   0.2727420

             1  3             1  2     1            2  5   0.7312902

     6   2   1  4     0   2   1  2     1    6   4   1  2   0.2416756

             1  4             1  2     1            2  2   0.0754573

             2  4             1  2     1            1  2   0.2118699

             2  4             1  2     1            2  2   0.1247225

     6   2   1  4     0   2   1  2     1    6   4   1  3  -0.2831586

             2  4             1  2     1            1  3  -0.2059579

     6   2   1  4     0   2   1  2     1    6   4   1  4  -0.2486428

             1  4             1  2     1            2  4   0.5483324

             1  4             1  2     1            3  4   0.0020939

             2  4             1  2     1            1  4   0.3858688

             2  4             1  2     1            2  4  -0.1124223

             2  4             1  2     1            3  4   0.2390135

     6   2   1  4     0   2   1  2     1    6   4   1  5  -0.6536379

             1  4             1  2     1            2  5  -0.0040359

             2  4             1  2     1            1  5   0.2427805

             2  4             1  2     1            2  5  -0.6039790

     6   2   1  4     0   2   1  2     1    6   4   1  6   0.4488772

             1  4             1  2     1            2  6   0.4398733

             1  4             1  2     1            3  6   0.0041624

             2  4             1  2     1            1  6   0.1472999

             2  4             1  2     1            2  6   0.3091018

             2  4             1  2     1            3  6   0.6878336

     6   2   1  5     0   2   1  2     1    6   4   1  3   0.1279204

     6   2   1  5     0   2   1  2     1    6   4   1  4   0.3094002

             1  5             1  2     1            2  4  -0.1816515

             1  5             1  2     1            3  4  -0.0693513

     6   2   1  5     0   2   1  2     1    6   4   1  5  -0.1397912

             1  5             1  2     1            2  5   0.3020391

     6   2   1  5     0   2   1  2     1    6   4   1  6   0.3350422

             1  5             1  2     1            2  6   0.1744924

             1  5             1  2     1            3  6  -0.6378319

     6   2   1  5     0   2   1  2     1    6   4   1  7   0.3810837

             1  5             1  2     1            2  7   0.6604497

     6   2   1  6     0   2   1  2     1    6   4   1  4   0.1684790

             1  6             1  2     1            2  4   0.0776060

             1  6             1  2     1            3  4   0.0006726

             2  6             1  2     1            1  4   0.1274108

             2  6             1  2     1            2  4   0.1044966

             2  6             1  2     1            3  4   0.0104831

     6   2   1  6     0   2   1  2     1    6   4   1  5  -0.2617350

             1  6             1  2     1            2  5  -0.0039035

             2  6             1  2     1            1  5  -0.1365843

             2  6             1  2     1            2  5  -0.0830510

     6   2   1  6     0   2   1  2     1    6   4   1  6  -0.2379590

             1  6             1  2     1            2  6   0.5325558

             1  6             1  2     1            3  6   0.0084917

             2  6             1  2     1            1  6   0.3821438

             2  6             1  2     1            2  6  -0.2285203

             2  6             1  2     1            3  6   0.3289556

     6   2   1  6     0   2   1  2     1    6   4   1  7  -0.6701834

             1  6             1  2     1            2  7  -0.0115393

             2  6             1  2     1            1  7   0.2104741

             2  6             1  2     1            2  7  -0.6615063

     6   2   1  6     0   2   1  2     1    6   4   1  8   0.7125235

             1  6             1  2     1            2  8  -0.0360365

             2  6             1  2     1            1  8   0.4309157

             2  6             1  2     1            2  8   0.6395898

     6   2   1  7     0   2   1  2     1    6   4   1  5   0.0872499

             1  7             1  2     1            2  5   0.0103443

     6   2   1  7     0   2   1  2     1    6   4   1  6   0.2367776

             1  7             1  2     1            2  6  -0.1497823

             1  7             1  2     1            3  6  -0.0744485

     6   2   1  7     0   2   1  2     1    6   4   1  7  -0.1996567

             1  7             1  2     1            2  7   0.3321451

     6   2   1  7     0   2   1  2     1    6   4   1  8   0.3104692

             1  7             1  2     1            2  8  -0.7169369

     6   2   1  7     0   2   1  2     1    6   4   1  9   0.7905694

     6   2   1  8     0   2   1  2     1    6   4   1  6   0.1263860

             1  8             1  2     1            2  6   0.0718287

             1  8             1  2     1            3  6   0.0056709

     6   2   1  8     0   2   1  2     1    6   4   1  7  -0.2186899

             1  8             1  2     1            2  7  -0.0390560

     6   2   1  8     0   2   1  2     1    6   4   1  8   0.1595717

             1  8             1  2     1            2  8   0.2309216

     6   2   1  8     0   2   1  2     1    6   4   1  9  -0.6123724

     6   2   1  8     0   2   1  2     1    6   4   1 10   1.0000000

     6   2   1  0     0   2   1  2     1    4   2   1  2  -0.2506449

             1  0             1  2     1            2  2  -0.0058536

     6   2   1  2     0   2   1  2     1    4   2   1  0  -0.8616697

             2  2             1  2     1            1  0   0.0195549

     6   2   1  2     0   2   1  2     1    4   2   1  2   0.3601460

             1  2             1  2     1            2  2   0.0132263

             2  2             1  2     1            1  2  -0.0230398

             2  2             1  2     1            2  2  -0.3758920

     6   2   1  2     0   2   1  2     1    4   2   1  3   0.0042075

             2  2             1  2     1            1  3  -0.3279727

     6   2   1  2     0   2   1  2     1    4   2   1  4  -0.1911338

             1  2             1  2     1            2  4  -0.0203450

             2  2             1  2     1            1  4  -0.0208258

             2  2             1  2     1            2  4  -0.1318891

     6   2   1  3     0   2   1  2     1    4   2   1  2   0.0236302

             1  3             1  2     1            2  2   0.5969992

     6   2   1  3     0   2   1  2     1    4   2   1  3   0.0000000

     6   2   1  3     0   2   1  2     1    4   2   1  4  -0.0452515

             1  3             1  2     1            2  4  -0.2380067

     6   2   1  3     0   2   1  2     1    4   2   1  5  -0.1228176

     6   2   1  4     0   2   1  2     1    4   2   1  2  -0.7594889

             1  4             1  2     1            2  2   0.0106599

             2  4             1  2     1            1  2   0.0545656

             2  4             1  2     1            2  2  -0.5051610

     6   2   1  4     0   2   1  2     1    4   2   1  3  -0.0280722

             2  4             1  2     1            1  3   0.5006401

     6   2   1  4     0   2   1  2     1    4   2   1  4   0.2862114

             1  4             1  2     1            2  4   0.0262693

             2  4             1  2     1            1  4  -0.0050403

             2  4             1  2     1            2  4   0.1186158

     6   2   1  4     0   2   1  2     1    4   2   1  5   0.0089321

             2  4             1  2     1            1  5  -0.1592946

     6   2   1  4     0   2   1  2     1    4   2   1  6  -0.0894073

             2  4             1  2     1            1  6  -0.0887157

     6   2   1  5     0   2   1  2     1    4   2   1  3  -0.6509253

     6   2   1  5     0   2   1  2     1    4   2   1  4   0.0763095

             1  5             1  2     1            2  4   0.4013607

     6   2   1  5     0   2   1  2     1    4   2   1  5   0.1539601

     6   2   1  5     0   2   1  2     1    4   2   1  6  -0.1054221

     6   2   1  6     0   2   1  2     1    4   2   1  4  -0.8420954

             1  6             1  2     1            2  4   0.0217076

             2  6             1  2     1            1  4   0.0827439

             2  6             1  2     1            2  4  -0.7575253

     6   2   1  6     0   2   1  2     1    4   2   1  5  -0.0517816

             2  6             1  2     1            1  5   0.3347245

     6   2   1  6     0   2   1  2     1    4   2   1  6   0.1687689

             2  6             1  2     1            1  6   0.1120822

     6   2   1  7     0   2   1  2     1    4   2   1  5  -0.8322504

     6   2   1  7     0   2   1  2     1    4   2   1  6   0.2706660

     6   2   1  8     0   2   1  2     1    4   2   1  6  -0.8644378

     4   6   1  0     0   2   1  2     1    6   4   1  2   0.2252668

             1  0             1  2     1            2  2  -0.2840483

     4   6   1  2     0   2   1  2     1    6   4   1  0   0.2882924

             2  2             1  2     1            1  0  -0.7576479

     4   6   1  2     0   2   1  2     1    6   4   1  2  -0.2363058

             1  2             1  2     1            2  2  -0.2478605

             2  2             1  2     1            1  2  -0.5023557

             2  2             1  2     1            2  2   0.2100479

     4   6   1  2     0   2   1  2     1    6   4   1  3   0.3712117

             2  2             1  2     1            1  3   0.2879451

     4   6   1  2     0   2   1  2     1    6   4   1  4   0.3378085

             1  2             1  2     1            2  4  -0.2918028

             1  2             1  2     1            3  4  -0.0002599

             2  2             1  2     1            1  4  -0.1275347

             2  2             1  2     1            2  4   0.2105088

             2  2             1  2     1            3  4  -0.1936799

     4   6   1  3     0   2   1  2     1    6   4   1  2  -0.5173772

             1  3             1  2     1            2  2  -0.2032622

     4   6   1  3     0   2   1  2     1    6   4   1  3   0.0000000

     4   6   1  3     0   2   1  2     1    6   4   1  4  -0.3961308

             1  3             1  2     1            2  4   0.2898980

             1  3             1  2     1            3  4   0.1012743

     4   6   1  3     0   2   1  2     1    6   4   1  5   0.2874024

             1  3             1  2     1            2  5  -0.1880949

     4   6   1  4     0   2   1  2     1    6   4   1  2   0.1004362

             1  4             1  2     1            2  2  -0.0137981

             2  4             1  2     1            1  2  -0.2209519

             2  4             1  2     1            2  2   0.0524827

             3  4             1  2     1            1  2  -0.0047870

             3  4             1  2     1            2  2  -0.6880139

     4   6   1  4     0   2   1  2     1    6   4   1  3   0.0868274

             2  4             1  2     1            1  3  -0.1739878

             3  4             1  2     1            1  3  -0.5340248

     4   6   1  4     0   2   1  2     1    6   4   1  4  -0.2927808

             1  4             1  2     1            2  4  -0.2463700

             1  4             1  2     1            3  4  -0.0020571

             2  4             1  2     1            1  4  -0.5158104

             2  4             1  2     1            2  4  -0.0787457

             2  4             1  2     1            3  4  -0.0286498

             3  4             1  2     1            1  4  -0.0074842

             3  4             1  2     1            2  4  -0.3565922

             3  4             1  2     1            3  4   0.2244452

     4   6   1  4     0   2   1  2     1    6   4   1  5   0.3961450

             1  4             1  2     1            2  5   0.0022095

             2  4             1  2     1            1  5   0.2485106

             2  4             1  2     1            2  5   0.1191499

             3  4             1  2     1            1  5  -0.1892733

             3  4             1  2     1            2  5   0.2528366

     4   6   1  4     0   2   1  2     1    6   4   1  6   0.4086016

             1  4             1  2     1            2  6  -0.3301560

             1  4             1  2     1            3  6   0.0007454

             2  4             1  2     1            1  6  -0.2457361

             2  4             1  2     1            2  6   0.3798456

             2  4             1  2     1            3  6  -0.1924617

             3  4             1  2     1            1  6  -0.0022474

             3  4             1  2     1            2  6  -0.0681151

             3  4             1  2     1            3  6   0.1411281

     4   6   1  5     0   2   1  2     1    6   4   1  3   0.0240607

             2  5             1  2     1            1  3  -0.4299045

     4   6   1  5     0   2   1  2     1    6   4   1  4  -0.3289160

             1  5             1  2     1            2  4  -0.1510371

             1  5             1  2     1            3  4  -0.0012106

             2  5             1  2     1            1  4  -0.0155613

             2  5             1  2     1            2  4  -0.5130049

             2  5             1  2     1            3  4  -0.1102058

     4   6   1  5     0   2   1  2     1    6   4   1  5  -0.1645951

             1  5             1  2     1            2  5  -0.0287341

             2  5             1  2     1            1  5  -0.4493957

             2  5             1  2     1            2  5   0.1114532

     4   6   1  5     0   2   1  2     1    6   4   1  6  -0.4946377

             1  5             1  2     1            2  6   0.2807287

             1  5             1  2     1            3  6   0.1244671

             2  5             1  2     1            1  6  -0.0126131

             2  5             1  2     1            2  6  -0.2885660

             2  5             1  2     1            3  6   0.2982050

     4   6   1  5     0   2   1  2     1    6   4   1  7   0.3984471

             1  5             1  2     1            2  7  -0.1992739

             2  5             1  2     1            1  7  -0.1167535

             2  5             1  2     1            2  7   0.2190244

     4   6   1  6     0   2   1  2     1    6   4   1  4  -0.0402153

             1  6             1  2     1            2  4  -0.0201761

             1  6             1  2     1            3  4   0.0052861

             2  6             1  2     1            1  4  -0.0240480

             2  6             1  2     1            2  4  -0.2673405

             2  6             1  2     1            3  4  -0.0400423

             3  6             1  2     1            1  4   0.0014576

             3  6             1  2     1            2  4  -0.0045049

             3  6             1  2     1            3  4  -0.8411274

     4   6   1  6     0   2   1  2     1    6   4   1  5  -0.1003206

             1  6             1  2     1            2  5  -0.0070615

             2  6             1  2     1            1  5  -0.4520082

             2  6             1  2     1            2  5  -0.1344897

             3  6             1  2     1            1  5  -0.0024825

             3  6             1  2     1            2  5  -0.6097306

     4   6   1  6     0   2   1  2     1    6   4   1  6  -0.5946856

             1  6             1  2     1            2  6  -0.3015528

             1  6             1  2     1            3  6  -0.0141849

             2  6             1  2     1            1  6  -0.0150810

             2  6             1  2     1            2  6  -0.4605403

             2  6             1  2     1            3  6   0.0251005

             3  6             1  2     1            1  6  -0.0002960

             3  6             1  2     1            2  6  -0.0033532

             3  6             1  2     1            3  6  -0.3819008

     4   6   1  6     0   2   1  2     1    6   4   1  7   0.4314000

             1  6             1  2     1            2  7   0.1040499

             2  6             1  2     1            1  7  -0.4037240

             2  6             1  2     1            2  7   0.3268120

             3  6             1  2     1            1  7   0.0046591

             3  6             1  2     1            2  7  -0.1932058

     4   6   1  6     0   2   1  2     1    6   4   1  8   0.1185441

             1  6             1  2     1            2  8  -0.1347836

             2  6             1  2     1            1  8  -0.1021249

             2  6             1  2     1            2  8   0.2644752

             3  6             1  2     1            1  8  -0.0027577

             3  6             1  2     1            2  8  -0.0648317

     4   6   1  7     0   2   1  2     1    6   4   1  5  -0.1549637

             1  7             1  2     1            2  5  -0.0770415

             2  7             1  2     1            1  5  -0.0129913

             2  7             1  2     1            2  5  -0.5696731

     4   6   1  7     0   2   1  2     1    6   4   1  6  -0.1240984

             1  7             1  2     1            2  6  -0.3731675

             1  7             1  2     1            3  6  -0.1608922

             2  7             1  2     1            1  6   0.0195345

             2  7             1  2     1            2  6  -0.0106253

             2  7             1  2     1            3  6  -0.6329277

     4   6   1  7     0   2   1  2     1    6   4   1  7  -0.5652988

             1  7             1  2     1            2  7  -0.0543210

             2  7             1  2     1            1  7   0.0056666

             2  7             1  2     1            2  7  -0.5204595

     4   6   1  7     0   2   1  2     1    6   4   1  8  -0.3541210

             1  7             1  2     1            2  8   0.3664147

             2  7             1  2     1            1  8  -0.0059746

             2  7             1  2     1            2  8  -0.3289124

     4   6   1  7     0   2   1  2     1    6   4   1  9   0.1827228

             2  7             1  2     1            1  9  -0.1047066

     4   6   1  8     0   2   1  2     1    6   4   1  6  -0.0230570

             1  8             1  2     1            2  6  -0.0782545

             1  8             1  2     1            3  6  -0.1145533

             2  8             1  2     1            1  6   0.0044625

             2  8             1  2     1            2  6  -0.0255200

             2  8             1  2     1            3  6  -0.3637282

     4   6   1  8     0   2   1  2     1    6   4   1  7  -0.2573737

             1  8             1  2     1            2  7  -0.2068605

             2  8             1  2     1            1  7  -0.0385844

             2  8             1  2     1            2  7  -0.5535431

     4   6   1  8     0   2   1  2     1    6   4   1  8  -0.7532440

             1  8             1  2     1            2  8  -0.1087225

             2  8             1  2     1            1  8   0.0898978

             2  8             1  2     1            2  8  -0.6002449

     4   6   1  8     0   2   1  2     1    6   4   1  9   0.2116527

             2  8             1  2     1            1  9  -0.4306445

     4   6   1  8     0   2   1  2     1    6   4   1 10   0.0471310

             2  8             1  2     1            1 10  -0.0958963

     4   6   1  9     0   2   1  2     1    6   4   1  7  -0.0527090

             1  9             1  2     1            2  7  -0.2310839

     4   6   1  9     0   2   1  2     1    6   4   1  8  -0.1664856

             1  9             1  2     1            2  8  -0.4791895

     4   6   1  9     0   2   1  2     1    6   4   1  9  -0.7006585

     4   6   1  9     0   2   1  2     1    6   4   1 10  -0.3411775

     4   6   1 10     0   2   1  2     1    6   4   1  8  -0.0389756

             1 10             1  2     1            2  8  -0.1121820

     4   6   1 10     0   2   1  2     1    6   4   1  9  -0.3586851

     4   6   1 10     0   2   1  2     1    6   4   1 10  -0.7962947

     4   0   1  0     0   2   1  2     1    4   2   1  2   0.3398653

             1  0             1  2     1            2  2   0.7272799

     4   0   1  2     0   2   1  2     1    4   2   1  0   0.4714045

     4   0   1  2     0   2   1  2     1    4   2   1  2  -0.3383598

             1  2             1  2     1            2  2   0.6826504

     4   0   1  2     0   2   1  2     1    4   2   1  3  -0.9583148

     4   0   1  2     0   2   1  2     1    4   2   1  4   0.5265863

             1  2             1  2     1            2  4   0.6912372

     4   0   1  4     0   2   1  2     1    4   2   1  2   0.2024541

             1  4             1  2     1            2  2   0.0625325

     4   0   1  4     0   2   1  2     1    4   2   1  3  -0.2857143

     4   0   1  4     0   2   1  2     1    4   2   1  4  -0.3539153

             1  4             1  2     1            2  4   0.7075269

     4   0   1  4     0   2   1  2     1    4   2   1  5  -1.0000000

     4   0   1  4     0   2   1  2     1    4   2   1  6   1.0000000

     4   6   1  0     0   2   1  2     1    2   6   1  2  -0.2251408

             1  0             1  2     1            2  2  -0.0205604

     4   6   1  2     0   2   1  2     1    2   6   1  0  -0.8676736

             2  2             1  2     1            1  0   0.0519437

     4   6   1  2     0   2   1  2     1    2   6   1  2   0.3357564

             1  2             1  2     1            2  2   0.0457660

             2  2             1  2     1            1  2  -0.0631565

             2  2             1  2     1            2  2  -0.3628904

     4   6   1  2     0   2   1  2     1    2   6   1  3   0.0121585

             2  2             1  2     1            1  3  -0.2874794

     4   6   1  2     0   2   1  2     1    2   6   1  4  -0.1506640

             1  2             1  2     1            2  4   0.0080090

             2  2             1  2     1            1  4  -0.1068423

             2  2             1  2     1            2  4  -0.0204184

     4   6   1  3     0   2   1  2     1    2   6   1  2   0.0706816

             1  3             1  2     1            2  2   0.5912272

     4   6   1  3     0   2   1  2     1    2   6   1  3   0.0000000

     4   6   1  3     0   2   1  2     1    2   6   1  4  -0.2151869

             1  3             1  2     1            2  4  -0.0370320

     4   6   1  3     0   2   1  2     1    2   6   1  5  -0.0721569

     4   6   1  4     0   2   1  2     1    2   6   1  2  -0.7815668

             1  4             1  2     1            2  2   0.0345736

             2  4             1  2     1            1  2   0.1508110

             2  4             1  2     1            2  2  -0.5358232

             3  4             1  2     1            1  2  -0.0070670

             3  4             1  2     1            2  2   0.0411579

     4   6   1  4     0   2   1  2     1    2   6   1  3  -0.0964911

             2  4             1  2     1            1  3   0.5005384

             3  4             1  2     1            1  3  -0.0380719

     4   6   1  4     0   2   1  2     1    2   6   1  4   0.2387142

             1  4             1  2     1            2  4  -0.0214190

             2  4             1  2     1            1  4   0.0556163

             2  4             1  2     1            2  4   0.0615183

             3  4             1  2     1            1  4  -0.0754986

             3  4             1  2     1            2  4  -0.4696355

     4   6   1  4     0   2   1  2     1    2   6   1  5   0.0174432

             2  4             1  2     1            1  5  -0.0857224

             3  4             1  2     1            1  5  -0.2167383

     4   6   1  4     0   2   1  2     1    2   6   1  6  -0.0952918

             1  4             1  2     1            2  6   0.0167309

             2  4             1  2     1            1  6  -0.1001242

             2  4             1  2     1            2  6   0.0079720

             3  4             1  2     1            1  6  -0.0414535

             3  4             1  2     1            2  6  -0.0134345

     4   6   1  5     0   2   1  2     1    2   6   1  3  -0.6822545

             2  5             1  2     1            1  3   0.1147395

     4   6   1  5     0   2   1  2     1    2   6   1  4   0.4051283

             1  5             1  2     1            2  4  -0.0338252

             2  5             1  2     1            1  4   0.0203778

             2  5             1  2     1            2  4   0.5952832

     4   6   1  5     0   2   1  2     1    2   6   1  5   0.1355368

             2  5             1  2     1            1  5  -0.1923913

     4   6   1  5     0   2   1  2     1    2   6   1  6  -0.1244172

             1  5             1  2     1            2  6   0.0215228

             2  5             1  2     1            1  6  -0.1472509

             2  5             1  2     1            2  6  -0.0466315

     4   6   1  5     0   2   1  2     1    2   6   1  7  -0.0318408

             2  5             1  2     1            1  7  -0.0426223

     4   6   1  6     0   2   1  2     1    2   6   1  4  -0.6970511

             1  6             1  2     1            2  4   0.0035627

             2  6             1  2     1            1  4   0.1404547

             2  6             1  2     1            2  4  -0.4512261

             3  6             1  2     1            1  4  -0.0115362

             3  6             1  2     1            2  4   0.0478042

     4   6   1  6     0   2   1  2     1    2   6   1  5   0.0362794

             2  6             1  2     1            1  5   0.5655029

             3  6             1  2     1            1  5  -0.0601067

     4   6   1  6     0   2   1  2     1    2   6   1  6   0.2165378

             1  6             1  2     1            2  6  -0.0274370

             2  6             1  2     1            1  6  -0.0876014

             2  6             1  2     1            2  6   0.0464517

             3  6             1  2     1            1  6  -0.0967643

             3  6             1  2     1            2  6  -0.5065109

     4   6   1  6     0   2   1  2     1    2   6   1  7  -0.0052561

             2  6             1  2     1            1  7  -0.1065705

             3  6             1  2     1            1  7  -0.1582177

     4   6   1  6     0   2   1  2     1    2   6   1  8  -0.0783667

             2  6             1  2     1            1  8  -0.0400417

             3  6             1  2     1            1  8  -0.0186496

     4   6   1  7     0   2   1  2     1    2   6   1  5  -0.6142694

             2  7             1  2     1            1  5   0.1381842

     4   6   1  7     0   2   1  2     1    2   6   1  6   0.4378169

             1  7             1  2     1            2  6  -0.0014108

             2  7             1  2     1            1  6   0.0243652

             2  7             1  2     1            2  6   0.5873104

     4   6   1  7     0   2   1  2     1    2   6   1  7   0.0770305

             2  7             1  2     1            1  7  -0.2629788

     4   6   1  7     0   2   1  2     1    2   6   1  8  -0.1175145

             2  7             1  2     1            1  8  -0.0892339

     4   6   1  8     0   2   1  2     1    2   6   1  6  -0.7001040

             1  8             1  2     1            2  6  -0.0084183

             2  8             1  2     1            1  6   0.1996856

             2  8             1  2     1            2  6  -0.4377134

     4   6   1  8     0   2   1  2     1    2   6   1  7   0.1660582

             2  8             1  2     1            1  7   0.5641916

     4   6   1  8     0   2   1  2     1    2   6   1  8   0.1319297

             2  8             1  2     1            1  8  -0.1482851

     4   6   1  9     0   2   1  2     1    2   6   1  7  -0.6291529

     4   6   1  9     0   2   1  2     1    2   6   1  8   0.4577760

     4   6   1 10     0   2   1  2     1    2   6   1  8  -0.7859052

     4   0   1  0     0   2   1  2     1    2   0   1  2  -0.1885618

     4   0   1  2     0   2   1  2     1    2   0   1  0  -0.8819171

     4   0   1  2     0   2   1  2     1    2   0   1  2   0.2981424

     4   0   1  4     0   2   1  2     1    2   0   1  2  -0.8485281

     2   4   1  0     0   2   1  2     1    4   2   1  2   0.2473517

             1  0             1  2     1            2  2  -0.2602038

     2   4   1  2     0   2   1  2     1    4   2   1  0   0.2108185

             2  2             1  2     1            1  0  -0.7745967

     2   4   1  2     0   2   1  2     1    4   2   1  2  -0.2581581

             1  2             1  2     1            2  2  -0.1803176

             2  2             1  2     1            1  2  -0.5664941

             2  2             1  2     1            2  2   0.1945789

     2   4   1  2     0   2   1  2     1    4   2   1  3   0.3313738

             2  2             1  2     1            1  3   0.2943127

     2   4   1  2     0   2   1  2     1    4   2   1  4   0.3983260

             1  2             1  2     1            2  4  -0.3010294

             2  2             1  2     1            1  4  -0.1679236

             2  2             1  2     1            2  4   0.2354907

     2   4   1  3     0   2   1  2     1    4   2   1  2  -0.5010483

             1  3             1  2     1            2  2  -0.1547600

     2   4   1  3     0   2   1  2     1    4   2   1  3   0.0000000

     2   4   1  3     0   2   1  2     1    4   2   1  4  -0.4847765

             1  3             1  2     1            2  4   0.3257344

     2   4   1  3     0   2   1  2     1    4   2   1  5   0.3240370

     2   4   1  4     0   2   1  2     1    4   2   1  2  -0.1026451

             1  4             1  2     1            2  2  -0.0448054

             2  4             1  2     1            1  2  -0.0167943

             2  4             1  2     1            2  2  -0.7658068

     2   4   1  4     0   2   1  2     1    4   2   1  3  -0.1267561

             2  4             1  2     1            1  3  -0.6500033

     2   4   1  4     0   2   1  2     1    4   2   1  4  -0.6494389

             1  4             1  2     1            2  4  -0.1762410

             2  4             1  2     1            1  4  -0.0063094

             2  4             1  2     1            2  4  -0.4673156

     2   4   1  4     0   2   1  2     1    4   2   1  5   0.4452167

             2  4             1  2     1            1  5  -0.3022045

     2   4   1  4     0   2   1  2     1    4   2   1  6   0.1272048

             2  4             1  2     1            1  6  -0.0863441

     2   4   1  5     0   2   1  2     1    4   2   1  3  -0.4062019

     2   4   1  5     0   2   1  2     1    4   2   1  4  -0.1111133

             1  5             1  2     1            2  4  -0.5844166

     2   4   1  5     0   2   1  2     1    4   2   1  5  -0.6244998

     2   4   1  5     0   2   1  2     1    4   2   1  6  -0.3741657

     2   4   1  6     0   2   1  2     1    4   2   1  4  -0.0345123

             1  6             1  2     1            2  4  -0.1815222

     2   4   1  6     0   2   1  2     1    4   2   1  5  -0.4067610

     2   4   1  6     0   2   1  2     1    4   2   1  6  -0.7977240

     2   4   1  0     0   2   1  2     1    2   6   1  2   0.2542637

             1  0             1  2     1            2  2   0.4419841

     2   4   1  2     0   2   1  2     1    2   6   1  0   0.3991618

             2  2             1  2     1            1  0   0.6250359

     2   4   1  2     0   2   1  2     1    2   6   1  2  -0.2414547

             1  2             1  2     1            2  2   0.4525666

             2  2             1  2     1            1  2   0.4045963

             2  2             1  2     1            2  2   0.2206126

     2   4   1  2     0   2   1  2     1    2   6   1  3  -0.5844690

             2  2             1  2     1            1  3   0.3234256

     2   4   1  2     0   2   1  2     1    2   6   1  4   0.5497485

             1  2             1  2     1            2  4  -0.0056789

             2  2             1  2     1            1  4   0.2322068

             2  2             1  2     1            2  4   0.6750771

     2   4   1  3     0   2   1  2     1    2   6   1  2   0.4356450

             1  3             1  2     1            2  2  -0.2716499

     2   4   1  3     0   2   1  2     1    2   6   1  3   0.0000000

     2   4   1  3     0   2   1  2     1    2   6   1  4   0.3958637

             1  3             1  2     1            2  4  -0.4307135

     2   4   1  3     0   2   1  2     1    2   6   1  5   0.6869147

     2   4   1  4     0   2   1  2     1    2   6   1  2   0.3014554

             1  4             1  2     1            2  2   0.1273772

             2  4             1  2     1            1  2  -0.0077886

             2  4             1  2     1            2  2   0.2556926

     2   4   1  4     0   2   1  2     1    2   6   1  3  -0.3006799

             2  4             1  2     1            1  3   0.2040957

     2   4   1  4     0   2   1  2     1    2   6   1  4   0.2798553

             1  4             1  2     1            2  4   0.1351627

             2  4             1  2     1            1  4   0.0869429

             2  4             1  2     1            2  4   0.2551114

     2   4   1  4     0   2   1  2     1    2   6   1  5  -0.4044854

             2  4             1  2     1            1  5   0.2745569

     2   4   1  4     0   2   1  2     1    2   6   1  6   0.8254413

             1  4             1  2     1            2  6  -0.0444465

             2  4             1  2     1            1  6   0.1535066

             2  4             1  2     1            2  6   0.9253860

     2   4   1  5     0   2   1  2     1    2   6   1  3   0.2036700

     2   4   1  5     0   2   1  2     1    2   6   1  4   0.1578950

             1  5             1  2     1            2  4  -0.1717953

     2   4   1  5     0   2   1  2     1    2   6   1  5   0.2036700

     2   4   1  5     0   2   1  2     1    2   6   1  6   0.1911911

             1  5             1  2     1            2  6  -0.3651336

     2   4   1  5     0   2   1  2     1    2   6   1  7   0.9428090

     2   4   1  6     0   2   1  2     1    2   6   1  4   0.2002208

             1  6             1  2     1            2  4   0.0035563

     2   4   1  6     0   2   1  2     1    2   6   1  5  -0.1516094

     2   4   1  6     0   2   1  2     1    2   6   1  6   0.2676803

             1  6             1  2     1            2  6   0.0132910

     2   4   1  6     0   2   1  2     1    2   6   1  7  -0.3333333

     2   4   1  6     0   2   1  2     1    2   6   1  8   1.0000000

     2   4   1  0     0   2   1  2     1    0   4   1  2  -0.1054093

     2   4   1  2     0   2   1  2     1    0   4   1  0  -0.8923146

             2  2             1  2     1            1  0   0.0965928

     2   4   1  2     0   2   1  2     1    0   4   1  2   0.2041753

             2  2             1  2     1            1  2  -0.3216165

     2   4   1  2     0   2   1  2     1    0   4   1  4  -0.0590423

             2  2             1  2     1            1  4  -0.0524389

     2   4   1  3     0   2   1  2     1    0   4   1  2   0.5669467

     2   4   1  3     0   2   1  2     1    0   4   1  4  -0.1259882

     2   4   1  4     0   2   1  2     1    0   4   1  2  -0.5777555

             2  4             1  2     1            1  2   0.0774241

     2   4   1  4     0   2   1  2     1    0   4   1  4   0.1254601

             2  4             1  2     1            1  4  -0.3751298

     2   4   1  5     0   2   1  2     1    0   4   1  4   0.5527708

     2   4   1  6     0   2   1  2     1    0   4   1  4  -0.6009252

     0   8   1  0     0   2   1  2     1    2   6   1  2   0.3793690

             1  0             1  2     1            2  2  -0.4519151

     0   8   1  2     0   2   1  2     1    2   6   1  0  -0.6382847

     0   8   1  2     0   2   1  2     1    2   6   1  2  -0.8322957

             1  2             1  2     1            2  2   0.1513023

     0   8   1  2     0   2   1  2     1    2   6   1  3   0.7319251

     0   8   1  2     0   2   1  2     1    2   6   1  4   0.1235798

             1  2             1  2     1            2  4  -0.3282437

     0   8   1  4     0   2   1  2     1    2   6   1  2  -0.0723450

             1  4             1  2     1            2  2  -0.6051403

     0   8   1  4     0   2   1  2     1    2   6   1  3  -0.6813851

     0   8   1  4     0   2   1  2     1    2   6   1  4  -0.8375203

             1  4             1  2     1            2  4   0.3463932

     0   8   1  4     0   2   1  2     1    2   6   1  5   0.5640761

     0   8   1  4     0   2   1  2     1    2   6   1  6   0.0485938

             1  4             1  2     1            2  6  -0.1900005

     0   8   1  6     0   2   1  2     1    2   6   1  4  -0.1106543

             1  6             1  2     1            2  4  -0.7370965

     0   8   1  6     0   2   1  2     1    2   6   1  5  -0.8257228

     0   8   1  6     0   2   1  2     1    2   6   1  6  -0.8081148

             1  6             1  2     1            2  6   0.3809182

     0   8   1  6     0   2   1  2     1    2   6   1  7   0.3872983

     0   8   1  6     0   2   1  2     1    2   6   1  8   0.0430331

     0   8   1  8     0   2   1  2     1    2   6   1  6  -0.1792052

             1  8             1  2     1            2  6  -0.8562287

     0   8   1  8     0   2   1  2     1    2   6   1  7  -0.9219544

     0   8   1  8     0   2   1  2     1    2   6   1  8  -0.8595865

     0   2   1  0     0   2   1  2     1    2   0   1  2   0.3333333

     0   2   1  2     0   2   1  2     1    2   0   1  0  -0.7453560

     0   2   1  2     0   2   1  2     1    2   0   1  2  -0.8819171

     0   2   1  0     0   2   1  2     1    0   4   1  2   0.6236096

     0   2   1  2     0   2   1  2     1    0   4   1  0   0.6666667

     0   2   1  2     0   2   1  2     1    0   4   1  2   0.4714045

     0   2   1  2     0   2   1  2     1    0   4   1  4   1.0000000

