 ((lm1 mu1)al1 L1; (lm2 mu2)al2 L2 || rh (lm3 mu3)al3 L3)
     4   0   1  0     2   0   1  2     1    6   0   1  2   0.5291503

     4   0   1  2     2   0   1  2     1    6   0   1  0   0.7302967

     4   0   1  2     2   0   1  2     1    6   0   1  2  -0.4780914

     4   0   1  2     2   0   1  2     1    6   0   1  4   0.7928250

     4   0   1  4     2   0   1  2     1    6   0   1  2   0.3023716

     4   0   1  4     2   0   1  2     1    6   0   1  4  -0.3563483

     4   0   1  4     2   0   1  2     1    6   0   1  6   1.0000000

     4   0   1  0     2   0   1  2     1    2   2   1  2  -0.1129853

             1  0             1  2     1            2  2   0.4904770

     4   0   1  2     2   0   1  2     1    2   2   1  0  -0.6831301

     4   0   1  2     2   0   1  2     1    2   2   1  2   0.3181524

             1  2             1  2     1            2  2   0.8039889

     4   0   1  2     2   0   1  2     1    2   2   1  3  -0.5976143

     4   0   1  2     2   0   1  2     1    2   2   1  4   0.1195229

     4   0   1  4     2   0   1  2     1    2   2   1  2  -0.6738688

             1  4             1  2     1            2  2   0.3340885

     4   0   1  4     2   0   1  2     1    2   2   1  3  -0.8017837

     4   0   1  4     2   0   1  2     1    2   2   1  4   0.8864053

     0   2   1  0     2   0   1  2     1    2   2   1  2   0.8530281

             1  0             1  2     1            2  2  -0.0753423

     0   2   1  2     2   0   1  2     1    2   2   1  0   0.4082483

     0   2   1  2     2   0   1  2     1    2   2   1  2  -0.3572910

             1  2             1  2     1            2  2   0.6369274

     0   2   1  2     2   0   1  2     1    2   2   1  3   1.0000000

     0   2   1  2     2   0   1  2     1    2   2   1  4   1.0000000

     0   2   1  2     2   0   1  2     1    0   0   1  0  -0.9128709

