 ((lm1 mu1)al1 L1; (lm2 mu2)al2 L2 || rh (lm3 mu3)al3 L3)
     6   0   1  0     2   0   1  2     1    8   0   1  2   0.4855042

     6   0   1  2     2   0   1  2     1    8   0   1  0   0.7559289

     6   0   1  2     2   0   1  2     1    8   0   1  2  -0.4738035

     6   0   1  2     2   0   1  2     1    8   0   1  4   0.6974199

     6   0   1  4     2   0   1  2     1    8   0   1  2   0.3833259

     6   0   1  4     2   0   1  2     1    8   0   1  4  -0.4009883

     6   0   1  4     2   0   1  2     1    8   0   1  6   0.8547043

     6   0   1  6     2   0   1  2     1    8   0   1  4   0.2080626

     6   0   1  6     2   0   1  2     1    8   0   1  6  -0.3015113

     6   0   1  6     2   0   1  2     1    8   0   1  8   1.0000000

     6   0   1  0     2   0   1  2     1    4   2   1  2  -0.1654454

             1  0             1  2     1            2  2   0.5356431

     6   0   1  2     2   0   1  2     1    4   2   1  0  -0.6546537

     6   0   1  2     2   0   1  2     1    4   2   1  2   0.3047649

             1  2             1  2     1            2  2   0.7968749

     6   0   1  2     2   0   1  2     1    4   2   1  3  -0.6900656

     6   0   1  2     2   0   1  2     1    4   2   1  4  -0.0924991

             1  2             1  2     1            2  4   0.2618042

     6   0   1  4     2   0   1  2     1    4   2   1  2  -0.5968436

             1  4             1  2     1            2  2   0.2789111

     6   0   1  4     2   0   1  2     1    4   2   1  3  -0.7237469

     6   0   1  4     2   0   1  2     1    4   2   1  4   0.3807186

             1  4             1  2     1            2  4   0.8192519

     6   0   1  4     2   0   1  2     1    4   2   1  5  -0.4605662

     6   0   1  4     2   0   1  2     1    4   2   1  6   0.0657952

     6   0   1  6     2   0   1  2     1    4   2   1  4  -0.6627202

             1  6             1  2     1            2  4   0.5048620

     6   0   1  6     2   0   1  2     1    4   2   1  5  -0.8876254

     6   0   1  6     2   0   1  2     1    4   2   1  6   0.8703883

     2   2   1  0     2   0   1  2     1    4   2   1  2   0.5832733

             1  0             1  2     1            2  2  -0.0230869

     2   2   1  2     2   0   1  2     1    4   2   1  0   0.6927515

             2  2             1  2     1            1  0   0.0397089

     2   2   1  2     2   0   1  2     1    4   2   1  2  -0.4753217

             1  2             1  2     1            2  2   0.0648441

             2  2             1  2     1            1  2  -0.0393664

             2  2             1  2     1            2  2   0.5227120

     2   2   1  2     2   0   1  2     1    4   2   1  3   0.0659108

             2  2             1  2     1            1  3   0.7462441

     2   2   1  2     2   0   1  2     1    4   2   1  4   0.9043283

             1  2             1  2     1            2  4  -0.1175095

             2  2             1  2     1            1  4  -0.0203340

             2  2             1  2     1            2  4   0.6200981

     2   2   1  3     2   0   1  2     1    4   2   1  2   0.0109076

             1  3             1  2     1            2  2  -0.4670492

     2   2   1  3     2   0   1  2     1    4   2   1  3   0.0000000

     2   2   1  3     2   0   1  2     1    4   2   1  4  -0.0734792

             1  3             1  2     1            2  4   0.6382000

     2   2   1  3     2   0   1  2     1    4   2   1  5   0.8660254

     2   2   1  4     2   0   1  2     1    4   2   1  2   0.1999805

             1  4             1  2     1            2  2   0.1684493

     2   2   1  4     2   0   1  2     1    4   2   1  3  -0.2857143

     2   2   1  4     2   0   1  2     1    4   2   1  4  -0.2618042

             1  4             1  2     1            2  4  -0.0924991

     2   2   1  4     2   0   1  2     1    4   2   1  5   0.5000000

     2   2   1  4     2   0   1  2     1    4   2   1  6   1.0000000

     2   2   1  0     2   0   1  2     1    2   0   1  2  -0.0860663

     2   2   1  2     2   0   1  2     1    2   0   1  0  -0.4009520

             2  2             1  2     1            1  0  -0.8087350

     2   2   1  2     2   0   1  2     1    2   0   1  2   0.1684286

             2  2             1  2     1            1  2  -0.3002504

     2   2   1  3     2   0   1  2     1    2   0   1  2  -0.5577734

     2   2   1  4     2   0   1  2     1    2   0   1  2  -0.6324555

     2   2   1  0     2   0   1  2     1    0   4   1  2   0.2277100

     2   2   1  2     2   0   1  2     1    0   4   1  0  -0.5994437

             2  2             1  2     1            1  0   0.5868312

     2   2   1  2     2   0   1  2     1    0   4   1  2   0.6350119

             2  2             1  2     1            1  2  -0.1100171

     2   2   1  2     2   0   1  2     1    0   4   1  4   0.0367633

             2  2             1  2     1            1  4   0.4162351

     2   2   1  3     2   0   1  2     1    0   4   1  2   0.5270463

     2   2   1  3     2   0   1  2     1    0   4   1  4  -0.5270463

     2   2   1  4     2   0   1  2     1    0   4   1  2  -0.1195229

     2   2   1  4     2   0   1  2     1    0   4   1  4   0.6606875

     0   0   1  0     2   0   1  2     1    2   0   1  2   1.0000000

