
 *** ------------------------------------------------ ***
 ***        Clebsch Gordan coefficient of SU(3)       ***
 ***                   in SU(2) bases                 ***
 *** ------------------------------------------------ ***
 ((lm1 mu1) j1 I1; (lm2 mu2) j2 I2 || rh (lm3 mu3) j3 I3)

 *** Choose the following options to calculate:
     1) specific CG
     2) all 3rd weights
     3) all 1st and 2nd weights
     4) all weights
 ***> option    3

 Enter the irreps: lm1,mu1, lm2,mu2, lm3,mu3::

 Enter: 2*j3,2*I3::

 ((lm1 mu1)j1tI1t; (lm2 mu2)j2tI2t || rh (lm3 mu3)j3tI3t)
   108   6   0  6     6   4   4  2     1  118   2   4  4   0.0011073

             0  6             4  4     1            4  4  -0.0017086

             0  6             4  6     1            4  4   0.0015660

             0  6             4  8     1            4  4  -0.0008923

             1  5             3  1     1            4  4   0.0068558

             1  5             3  3     1            4  4  -0.0105787

             1  5             3  5     1            4  4   0.0119951

             1  5             3  7     1            4  4  -0.0091875

             1  7             3  3     1            4  4  -0.0100445

             1  7             3  5     1            4  4   0.0113894

             1  7             3  7     1            4  4  -0.0070097

             2  4             2  2     1            4  4  -0.0211309

             2  4             2  4     1            4  4   0.0415002

             2  4             2  6     1            4  4  -0.0471887

             2  6             2  2     1            4  4  -0.0581731

             2  6             2  4     1            4  4   0.0712472

             2  6             2  6     1            4  4  -0.0558115

             2  8             2  4     1            4  4   0.0449907

             2  8             2  6     1            4  4  -0.0339130

             3  3             1  3     1            4  4   0.0635334

             3  3             1  5     1            4  4  -0.1331113

             3  5             1  3     1            4  4   0.1626470

             3  5             1  5     1            4  4  -0.2102149

             3  7             1  3     1            4  4   0.2491470

             3  7             1  5     1            4  4  -0.2146751

             3  9             1  5     1            4  4  -0.1040981

             4  2             0  4     1            4  4  -0.1850649

             4  4             0  4     1            4  4  -0.3762170

             4  6             0  4     1            4  4  -0.5305188

             4  8             0  4     1            4  4  -0.5581637


 More j,I's?
 Total:              30 nodes.

 More (lm,mu)'s?
