
 *** ------------------------------------------------ ***
 ***        Clebsch Gordan coefficient of SU(3)       ***
 ***                   in SO(3) bases                 ***
 *** ------------------------------------------------ ***
 ((lm1 mu1)al1 L1; (lm2 mu2)al2 L2 || rh (lm3 mu3)al3 L3)

 *** Choose the following options to calculate:
     1) specific CG
     2) all 3rd weights
     3) all 1st and 2nd weights
     4) all weights
 ***> option    1

 Enter: lm1,mu1, lm2,mu2, lm3,mu3::

 Enter: L1, L2, L3::

 ((lm1 mu1)al1 L1; (lm2 mu2)al2 L2 || rh (lm3 mu3)al3 L3)
   108   6   1 10     6   4   1  4     1  118   2   1 12  -0.1235100

             1 10             1  4     1            2 12  -0.0036753

             1 10             2  4     1            1 12  -0.0113518

             1 10             2  4     1            2 12  -0.0273097

             1 10             3  4     1            1 12  -0.0001060

             1 10             3  4     1            2 12  -0.0005038

             2 10             1  4     1            1 12  -0.0159115

             2 10             1  4     1            2 12  -0.0766655

             2 10             2  4     1            1 12  -0.1175689

             2 10             2  4     1            2 12  -0.0052723

             2 10             3  4     1            1 12  -0.0030052

             2 10             3  4     1            2 12   0.0383229

             3 10             1  4     1            1 12   0.0001144

             3 10             1  4     1            2 12  -0.0163565

             3 10             2  4     1            1 12   0.0031166

             3 10             2  4     1            2 12  -0.1222128

             3 10             3  4     1            1 12   0.0818798

             3 10             3  4     1            2 12  -0.0034110

             4 10             1  4     1            1 12   0.0000000

             4 10             1  4     1            2 12   0.0000665

             4 10             2  4     1            1 12   0.0000001

             4 10             2  4     1            2 12   0.0020672

             4 10             3  4     1            1 12  -0.0000014

             4 10             3  4     1            2 12   0.0569243

 Total:              24 nodes.

 More L's?

 More (lm,mu) s?
