 ((lm1 mu1)al1 L1; (lm2 mu2)al2 L2 || rh (lm3 mu3)al3 L3)
     8   0   1  0     2   0   1  2     1   10   0   1  2   0.4602737

     8   0   1  2     2   0   1  2     1   10   0   1  0   0.7698004

     8   0   1  2     2   0   1  2     1   10   0   1  2  -0.4691544

     8   0   1  2     2   0   1  2     1   10   0   1  4   0.6424161

     8   0   1  4     2   0   1  2     1   10   0   1  2   0.4276180

     8   0   1  4     2   0   1  2     1   10   0   1  4  -0.4161252

     8   0   1  4     2   0   1  2     1   10   0   1  6   0.7709770

     8   0   1  6     2   0   1  2     1   10   0   1  4   0.2842676

     8   0   1  6     2   0   1  2     1   10   0   1  6  -0.3580719

     8   0   1  6     2   0   1  2     1   10   0   1  8   0.8877771

     8   0   1  8     2   0   1  2     1   10   0   1  6   0.1597719

     8   0   1  8     2   0   1  2     1   10   0   1  8  -0.2666667

     8   0   1  8     2   0   1  2     1   10   0   1 10   1.0000000

     8   0   1  0     2   0   1  2     1    6   2   1  2  -0.1899222

             1  0             1  2     1            2  2   0.5586392

     8   0   1  2     2   0   1  2     1    6   2   1  0  -0.6382847

     8   0   1  2     2   0   1  2     1    6   2   1  2   0.3018837

             1  2             1  2     1            2  2   0.7902371

     8   0   1  2     2   0   1  2     1    6   2   1  3  -0.7319251

     8   0   1  2     2   0   1  2     1    6   2   1  4  -0.1491388

             1  2             1  2     1            2  4   0.3174484

     8   0   1  4     2   0   1  2     1    6   2   1  2  -0.5550441

             1  4             1  2     1            2  2   0.2517035

     8   0   1  4     2   0   1  2     1    6   2   1  3  -0.6813851

     8   0   1  4     2   0   1  2     1    6   2   1  4   0.3356287

             1  4             1  2     1            2  4   0.8418919

     8   0   1  4     2   0   1  2     1    6   2   1  5  -0.5640761

     8   0   1  4     2   0   1  2     1    6   2   1  6  -0.0737364

             1  4             1  2     1            2  6   0.1817264

     8   0   1  6     2   0   1  2     1    6   2   1  4  -0.6055395

             1  6             1  2     1            2  4   0.4346003

     8   0   1  6     2   0   1  2     1    6   2   1  5  -0.8257228

     8   0   1  6     2   0   1  2     1    6   2   1  6   0.4239725

             1  6             1  2     1            2  6   0.7863812

     8   0   1  6     2   0   1  2     1    6   2   1  7  -0.3872983

     8   0   1  6     2   0   1  2     1    6   2   1  8   0.0430331

     8   0   1  8     2   0   1  2     1    6   2   1  6  -0.6526621

             1  8             1  2     1            2  6   0.5824726

     8   0   1  8     2   0   1  2     1    6   2   1  7  -0.9219544

     8   0   1  8     2   0   1  2     1    6   2   1  8   0.8595865

     4   2   1  0     2   0   1  2     1    6   2   1  2   0.5097707

             1  0             1  2     1            2  2  -0.0115688

     4   2   1  2     2   0   1  2     1    6   2   1  0   0.7414177

             2  2             1  2     1            1  0   0.0173152

     4   2   1  2     2   0   1  2     1    6   2   1  2  -0.4764284

             1  2             1  2     1            2  2   0.0304787

             2  2             1  2     1            1  2  -0.0174968

             2  2             1  2     1            2  2   0.4972584

     4   2   1  2     2   0   1  2     1    6   2   1  3   0.0264194

             2  2             1  2     1            1  3   0.6674655

     4   2   1  2     2   0   1  2     1    6   2   1  4   0.7488662

             1  2             1  2     1            2  4  -0.0538024

             2  2             1  2     1            1  4  -0.0105108

             2  2             1  2     1            2  4   0.4980954

     4   2   1  3     2   0   1  2     1    6   2   1  2   0.0065858

             1  3             1  2     1            2  2  -0.5133584

     4   2   1  3     2   0   1  2     1    6   2   1  3   0.0000000

     4   2   1  3     2   0   1  2     1    6   2   1  4  -0.0327509

             1  3             1  2     1            2  4   0.5840801

     4   2   1  3     2   0   1  2     1    6   2   1  5   0.6869147

     4   2   1  4     2   0   1  2     1    6   2   1  2   0.3392289

             1  4             1  2     1            2  2   0.0369622

             2  4             1  2     1            1  2   0.0361088

             2  4             1  2     1            2  2   0.2340799

     4   2   1  4     2   0   1  2     1    6   2   1  3  -0.0678772

             2  4             1  2     1            1  3  -0.3570100

     4   2   1  4     2   0   1  2     1    6   2   1  4  -0.3786221

             1  4             1  2     1            2  4   0.0066677

             2  4             1  2     1            1  4  -0.0347511

             2  4             1  2     1            2  4  -0.1569140

     4   2   1  4     2   0   1  2     1    6   2   1  5   0.0913109

             2  4             1  2     1            1  5   0.4802627

     4   2   1  4     2   0   1  2     1    6   2   1  6   0.9268936

             1  4             1  2     1            2  6  -0.0910761

             2  4             1  2     1            1  6  -0.0238935

             2  4             1  2     1            2  6   0.8338074

     4   2   1  5     2   0   1  2     1    6   2   1  3   0.2036700

     4   2   1  5     2   0   1  2     1    6   2   1  4   0.0130631

             1  5             1  2     1            2  4  -0.2329674

     4   2   1  5     2   0   1  2     1    6   2   1  5  -0.2036700

     4   2   1  5     2   0   1  2     1    6   2   1  6  -0.0630114

             1  5             1  2     1            2  6   0.4073157

     4   2   1  5     2   0   1  2     1    6   2   1  7   0.9428090

     4   2   1  6     2   0   1  2     1    6   2   1  4   0.1421486

             1  6             1  2     1            2  4   0.1410489

     4   2   1  6     2   0   1  2     1    6   2   1  5  -0.1516094

     4   2   1  6     2   0   1  2     1    6   2   1  6  -0.2232603

             1  6             1  2     1            2  6  -0.1482708

     4   2   1  6     2   0   1  2     1    6   2   1  7   0.3333333

     4   2   1  6     2   0   1  2     1    6   2   1  8   1.0000000

     4   2   1  0     2   0   1  2     1    4   0   1  2  -0.1054093

     4   2   1  2     2   0   1  2     1    4   0   1  0  -0.3799809

             2  2             1  2     1            1  0  -0.8131236

     4   2   1  2     2   0   1  2     1    4   0   1  2   0.1691799

             2  2             1  2     1            1  2  -0.3413252

     4   2   1  2     2   0   1  2     1    4   0   1  4  -0.0754502

             2  2             1  2     1            1  4  -0.0233045

     4   2   1  3     2   0   1  2     1    4   0   1  2  -0.5669467

     4   2   1  3     2   0   1  2     1    4   0   1  4  -0.1259882

     4   2   1  4     2   0   1  2     1    4   0   1  2  -0.3532448

             2  4             1  2     1            1  2  -0.4636960

     4   2   1  4     2   0   1  2     1    4   0   1  4   0.1769576

             2  4             1  2     1            1  4  -0.3537635

     4   2   1  5     2   0   1  2     1    4   0   1  4  -0.5527708

     4   2   1  6     2   0   1  2     1    4   0   1  4  -0.6009252

     4   2   1  0     2   0   1  2     1    2   4   1  2  -0.0942809

             1  0             1  2     1            2  2   0.3464102

     4   2   1  2     2   0   1  2     1    2   4   1  0  -0.5530952

             2  2             1  2     1            1  0   0.5818334

     4   2   1  2     2   0   1  2     1    2   4   1  2   0.2581581

             1  2             1  2     1            2  2   0.5664941

             2  2             1  2     1            1  2   0.1803176

             2  2             1  2     1            2  2  -0.1945789

     4   2   1  2     2   0   1  2     1    2   4   1  3  -0.4234631

             2  2             1  2     1            1  3  -0.1307960

     4   2   1  2     2   0   1  2     1    2   4   1  4   0.0765072

             1  2             1  2     1            2  4   0.0125177

             2  2             1  2     1            1  4   0.0333960

             2  2             1  2     1            2  4   0.5707987

     4   2   1  3     2   0   1  2     1    2   4   1  2   0.3920868

             1  3             1  2     1            2  2   0.3482355

     4   2   1  3     2   0   1  2     1    2   4   1  3   0.0000000

     4   2   1  3     2   0   1  2     1    2   4   1  4  -0.1117883

             1  3             1  2     1            2  4  -0.5732491

     4   2   1  3     2   0   1  2     1    2   4   1  5   0.3240370

     4   2   1  4     2   0   1  2     1    2   4   1  2  -0.5344104

             1  4             1  2     1            2  2   0.2252932

             2  4             1  2     1            1  2   0.4038733

             2  4             1  2     1            2  2  -0.3159440

     4   2   1  4     2   0   1  2     1    2   4   1  3  -0.5496848

             2  4             1  2     1            1  3   0.3693481

     4   2   1  4     2   0   1  2     1    2   4   1  4   0.6494389

             1  4             1  2     1            2  4   0.0063094

             2  4             1  2     1            1  4   0.1762410

             2  4             1  2     1            2  4   0.4673156

     4   2   1  4     2   0   1  2     1    2   4   1  5  -0.1005058

             2  4             1  2     1            1  5  -0.5286247

     4   2   1  4     2   0   1  2     1    2   4   1  6   0.0287159

             2  4             1  2     1            1  6   0.1510356

     4   2   1  5     2   0   1  2     1    2   4   1  3  -0.4062019

     4   2   1  5     2   0   1  2     1    2   4   1  4   0.4922056

             1  5             1  2     1            2  4  -0.3340996

     4   2   1  5     2   0   1  2     1    2   4   1  5   0.6244998

     4   2   1  5     2   0   1  2     1    2   4   1  6  -0.3741657

     4   2   1  6     2   0   1  2     1    2   4   1  4  -0.1528811

             1  6             1  2     1            2  4   0.1037727

     4   2   1  6     2   0   1  2     1    2   4   1  5  -0.4067610

     4   2   1  6     2   0   1  2     1    2   4   1  6   0.7977240

     2   0   1  0     2   0   1  2     1    4   0   1  2   0.6236096

     2   0   1  2     2   0   1  2     1    4   0   1  0   0.6666667

     2   0   1  2     2   0   1  2     1    4   0   1  2  -0.4714045

     2   0   1  2     2   0   1  2     1    4   0   1  4   1.0000000

     2   0   1  0     2   0   1  2     1    0   2   1  2   0.3333333

     2   0   1  2     2   0   1  2     1    0   2   1  0  -0.7453560

     2   0   1  2     2   0   1  2     1    0   2   1  2   0.8819171

     0   4   1  0     2   0   1  2     1    2   4   1  2   0.7981105

             1  0             1  2     1            2  2  -0.0863952

     0   4   1  2     2   0   1  2     1    2   4   1  0   0.4714045

     0   4   1  2     2   0   1  2     1    2   4   1  2  -0.4083506

             1  2             1  2     1            2  2   0.6432330

     0   4   1  2     2   0   1  2     1    2   4   1  3   0.9583148

     0   4   1  2     2   0   1  2     1    2   4   1  4   0.8612671

             1  2             1  2     1            2  4  -0.1154170

     0   4   1  4     2   0   1  2     1    2   4   1  2   0.1584270

             1  4             1  2     1            2  2   0.1407084

     0   4   1  4     2   0   1  2     1    2   4   1  3  -0.2857143

     0   4   1  4     2   0   1  2     1    2   4   1  4  -0.2509202

             1  4             1  2     1            2  4   0.7502596

     0   4   1  4     2   0   1  2     1    2   4   1  5   1.0000000

     0   4   1  4     2   0   1  2     1    2   4   1  6   1.0000000

     0   4   1  0     2   0   1  2     1    0   2   1  2  -0.1885618

     0   4   1  2     2   0   1  2     1    0   2   1  0  -0.8819171

     0   4   1  2     2   0   1  2     1    0   2   1  2  -0.2981424

     0   4   1  4     2   0   1  2     1    0   2   1  2  -0.8485281

