 ((lm1 mu1)al1 L1; (lm2 mu2)al2 L2 || rh (lm3 mu3)al3 L3)
    10   0   1  0     2   0   1  2     1   12   0   1  2   0.4438127

    10   0   1  2     2   0   1  2     1   12   0   1  0   0.7784989

    10   0   1  2     2   0   1  2     1   12   0   1  2  -0.4652421

    10   0   1  2     2   0   1  2     1   12   0   1  4   0.6066015

    10   0   1  4     2   0   1  2     1   12   0   1  2   0.4558423

    10   0   1  4     2   0   1  2     1   12   0   1  4  -0.4223831

    10   0   1  4     2   0   1  2     1   12   0   1  6   0.7164847

    10   0   1  6     2   0   1  2     1   12   0   1  4   0.3319531

    10   0   1  6     2   0   1  2     1   12   0   1  6  -0.3828270

    10   0   1  6     2   0   1  2     1   12   0   1  8   0.8147482

    10   0   1  8     2   0   1  2     1   12   0   1  6   0.2285048

    10   0   1  8     2   0   1  2     1   12   0   1  8  -0.3273790

    10   0   1  8     2   0   1  2     1   12   0   1 10   0.9084926

    10   0   1 10     2   0   1  2     1   12   0   1  8   0.1299505

    10   0   1 10     2   0   1  2     1   12   0   1 10  -0.2418254

    10   0   1 10     2   0   1  2     1   12   0   1 12   1.0000000

    10   0   1  0     2   0   1  2     1    8   2   1  2  -0.2041675

             1  0             1  2     1            2  2   0.5727238

    10   0   1  2     2   0   1  2     1    8   2   1  0  -0.6276459

    10   0   1  2     2   0   1  2     1    8   2   1  2   0.3013427

             1  2             1  2     1            2  2   0.7852082

    10   0   1  2     2   0   1  2     1    8   2   1  3  -0.7559289

    10   0   1  2     2   0   1  2     1    8   2   1  4  -0.1818729

             1  2             1  2     1            2  4   0.3503803

    10   0   1  4     2   0   1  2     1    8   2   1  2  -0.5288368

             1  4             1  2     1            2  2   0.2353648

    10   0   1  4     2   0   1  2     1    8   2   1  3  -0.6546537

    10   0   1  4     2   0   1  2     1    8   2   1  4   0.3173937

             1  4             1  2     1            2  4   0.8486911

    10   0   1  4     2   0   1  2     1    8   2   1  5  -0.6179144

    10   0   1  4     2   0   1  2     1    8   2   1  6  -0.1252712

             1  4             1  2     1            2  6   0.2342497

    10   0   1  6     2   0   1  2     1    8   2   1  4  -0.5668833

             1  6             1  2     1            2  4   0.3953850

    10   0   1  6     2   0   1  2     1    8   2   1  5  -0.7862454

    10   0   1  6     2   0   1  2     1    8   2   1  6   0.3667289

             1  6             1  2     1            2  6   0.8247215

    10   0   1  6     2   0   1  2     1    8   2   1  7  -0.4898979

    10   0   1  6     2   0   1  2     1    8   2   1  8  -0.0607718

             1  6             1  2     1            2  8   0.1398249

    10   0   1  8     2   0   1  2     1    8   2   1  6  -0.6118578

             1  8             1  2     1            2  6   0.5114888

    10   0   1  8     2   0   1  2     1    8   2   1  7  -0.8717798

    10   0   1  8     2   0   1  2     1    8   2   1  8   0.4549699

             1  8             1  2     1            2  8   0.7564001

    10   0   1  8     2   0   1  2     1    8   2   1  9  -0.3402785

    10   0   1  8     2   0   1  2     1    8   2   1 10   0.0309344

    10   0   1 10     2   0   1  2     1    8   2   1  8  -0.6435572

             1 10             1  2     1            2  8   0.6289454

    10   0   1 10     2   0   1  2     1    8   2   1  9  -0.9403247

    10   0   1 10     2   0   1  2     1    8   2   1 10   0.8522416

     6   2   1  0     2   0   1  2     1    8   2   1  2   0.4740390

             1  0             1  2     1            2  2  -0.0069967

     6   2   1  2     2   0   1  2     1    8   2   1  0   0.7621396

             2  2             1  2     1            1  0   0.0097774

     6   2   1  2     2   0   1  2     1    8   2   1  2  -0.4717752

             1  2             1  2     1            2  2   0.0179356

             2  2             1  2     1            1  2  -0.0099868

             2  2             1  2     1            2  2   0.4836344

     6   2   1  2     2   0   1  2     1    8   2   1  3   0.0142039

             2  2             1  2     1            1  3   0.6258816

     6   2   1  2     2   0   1  2     1    8   2   1  4   0.6718690

             1  2             1  2     1            2  4  -0.0311053

             2  2             1  2     1            1  4  -0.0063893

             2  2             1  2     1            2  4   0.4417826

     6   2   1  3     2   0   1  2     1    8   2   1  2   0.0043330

             1  3             1  2     1            2  2  -0.5323747

     6   2   1  3     2   0   1  2     1    8   2   1  3   0.0000000

     6   2   1  3     2   0   1  2     1    8   2   1  4  -0.0187005

             1  3             1  2     1            2  4   0.5509504

     6   2   1  3     2   0   1  2     1    8   2   1  5   0.6021655

     6   2   1  4     2   0   1  2     1    8   2   1  2   0.4036891

             1  4             1  2     1            2  2   0.0205499

             2  4             1  2     1            1  2   0.0204489

             2  4             1  2     1            2  2   0.2698653

     6   2   1  4     2   0   1  2     1    8   2   1  3  -0.0388233

             2  4             1  2     1            1  3  -0.3956807

     6   2   1  4     2   0   1  2     1    8   2   1  4  -0.4085092

             1  4             1  2     1            2  4   0.0084927

             2  4             1  2     1            1  4  -0.0172143

             2  4             1  2     1            2  4  -0.1672178

     6   2   1  4     2   0   1  2     1    8   2   1  5   0.0458057

             2  4             1  2     1            1  5   0.4668438

     6   2   1  4     2   0   1  2     1    8   2   1  6   0.8139928

             1  4             1  2     1            2  6  -0.0519533

             2  4             1  2     1            1  6  -0.0148211

             2  4             1  2     1            2  6   0.7184054

     6   2   1  5     2   0   1  2     1    8   2   1  3   0.2648204

     6   2   1  5     2   0   1  2     1    8   2   1  4   0.0097032

             1  5             1  2     1            2  4  -0.2858741

     6   2   1  5     2   0   1  2     1    8   2   1  5  -0.2322629

     6   2   1  5     2   0   1  2     1    8   2   1  6  -0.0336571

             1  5             1  2     1            2  6   0.4015210

     6   2   1  5     2   0   1  2     1    8   2   1  7   0.8093573

     6   2   1  6     2   0   1  2     1    8   2   1  4   0.2448034

             1  6             1  2     1            2  4   0.0443891

             2  6             1  2     1            1  4   0.0306475

             2  6             1  2     1            2  4   0.2196808

     6   2   1  6     2   0   1  2     1    8   2   1  5  -0.0537861

             2  6             1  2     1            1  5  -0.2007104

     6   2   1  6     2   0   1  2     1    8   2   1  6  -0.3307789

             1  6             1  2     1            2  6  -0.0160723

             2  6             1  2     1            1  6  -0.0312090

             2  6             1  2     1            2  6  -0.2406305

     6   2   1  6     2   0   1  2     1    8   2   1  7   0.0890199

             2  6             1  2     1            1  7   0.3321898

     6   2   1  6     2   0   1  2     1    8   2   1  8   0.9403342

             1  6             1  2     1            2  8  -0.0722589

             2  6             1  2     1            1  8  -0.0224560

             2  6             1  2     1            2  8   0.9002144

     6   2   1  7     2   0   1  2     1    8   2   1  5   0.1674035

     6   2   1  7     2   0   1  2     1    8   2   1  6   0.0115217

             1  7             1  2     1            2  6  -0.1374513

     6   2   1  7     2   0   1  2     1    8   2   1  7  -0.2276079

     6   2   1  7     2   0   1  2     1    8   2   1  8  -0.0540737

             1  7             1  2     1            2  8   0.2934788

     6   2   1  7     2   0   1  2     1    8   2   1  9   0.9682458

     6   2   1  8     2   0   1  2     1    8   2   1  6   0.1117276

             1  8             1  2     1            2  6   0.1107118

     6   2   1  8     2   0   1  2     1    8   2   1  7  -0.0963143

     6   2   1  8     2   0   1  2     1    8   2   1  8  -0.1997783

             1  8             1  2     1            2  8  -0.1497540

     6   2   1  8     2   0   1  2     1    8   2   1  9   0.2500000

     6   2   1  8     2   0   1  2     1    8   2   1 10   1.0000000

     6   2   1  0     2   0   1  2     1    6   0   1  2  -0.1154701

     6   2   1  2     2   0   1  2     1    6   0   1  0  -0.3693998

             2  2             1  2     1            1  0  -0.8145820

     6   2   1  2     2   0   1  2     1    6   0   1  2   0.1704375

             2  2             1  2     1            1  2  -0.3630394

     6   2   1  2     2   0   1  2     1    6   0   1  4  -0.0995351

             2  2             1  2     1            1  4  -0.0338392

     6   2   1  3     2   0   1  2     1    6   0   1  2  -0.5708992

     6   2   1  3     2   0   1  2     1    6   0   1  4  -0.1622882

     6   2   1  4     2   0   1  2     1    6   0   1  2  -0.3232278

             2  4             1  2     1            1  2  -0.4503614

     6   2   1  4     2   0   1  2     1    6   0   1  4   0.1711344

             2  4             1  2     1            1  4  -0.3886594

     6   2   1  4     2   0   1  2     1    6   0   1  6  -0.0628202

             2  4             1  2     1            1  6  -0.0295132

     6   2   1  5     2   0   1  2     1    6   0   1  4  -0.5473468

     6   2   1  5     2   0   1  2     1    6   0   1  6  -0.1350319

     6   2   1  6     2   0   1  2     1    6   0   1  4  -0.3691533

             2  6             1  2     1            1  4  -0.4136373

     6   2   1  6     2   0   1  2     1    6   0   1  6   0.1846644

             2  6             1  2     1            1  6  -0.3718731

     6   2   1  7     2   0   1  2     1    6   0   1  6  -0.5547002

     6   2   1  8     2   0   1  2     1    6   0   1  6  -0.5905235

     6   2   1  0     2   0   1  2     1    4   4   1  2  -0.1356392

             1  0             1  2     1            2  2   0.3788229

     6   2   1  2     2   0   1  2     1    4   4   1  0  -0.5316832

             2  2             1  2     1            1  0   0.5799660

     6   2   1  2     2   0   1  2     1    4   4   1  2   0.2491671

             1  2             1  2     1            2  2   0.5620892

             2  2             1  2     1            1  2   0.2260006

             2  2             1  2     1            2  2  -0.2035111

     6   2   1  2     2   0   1  2     1    4   4   1  3  -0.4887075

             2  2             1  2     1            1  3  -0.1661473

     6   2   1  2     2   0   1  2     1    4   4   1  4  -0.0777449

             1  2             1  2     1            2  4   0.1845587

             1  2             1  2     1            3  4   0.0024762

             2  2             1  2     1            1  4   0.0090999

             2  2             1  2     1            2  4  -0.0331917

             2  2             1  2     1            3  4   0.6290588

     6   2   1  3     2   0   1  2     1    4   4   1  2   0.4011179

             1  3             1  2     1            2  2   0.3300693

     6   2   1  3     2   0   1  2     1    4   4   1  3   0.0000000

     6   2   1  3     2   0   1  2     1    4   4   1  4   0.0690163

             1  3             1  2     1            2  4  -0.1532725

             1  3             1  2     1            3  4  -0.5759419

     6   2   1  3     2   0   1  2     1    4   4   1  5  -0.0104979

             1  3             1  2     1            2  5   0.4227028

     6   2   1  4     2   0   1  2     1    4   4   1  2  -0.4796358

             1  4             1  2     1            2  2   0.1922916

             2  4             1  2     1            1  2   0.3579857

             2  4             1  2     1            2  2  -0.2748963

     6   2   1  4     2   0   1  2     1    4   4   1  3  -0.5042493

             2  4             1  2     1            1  3   0.3186142

     6   2   1  4     2   0   1  2     1    4   4   1  4   0.3101490

             1  4             1  2     1            2  4   0.5779102

             1  4             1  2     1            3  4   0.0048196

             2  4             1  2     1            1  4   0.2237555

             2  4             1  2     1            2  4   0.0781568

             2  4             1  2     1            3  4   0.4382619

     6   2   1  4     2   0   1  2     1    4   4   1  5  -0.3308548

             1  4             1  2     1            2  5  -0.0100202

             2  4             1  2     1            1  5  -0.1414627

             2  4             1  2     1            2  5  -0.5673959

     6   2   1  4     2   0   1  2     1    4   4   1  6   0.0412820

             1  4             1  2     1            2  6   0.0171130

             2  4             1  2     1            1  6   0.0262274

             2  4             1  2     1            2  6   0.2774324

     6   2   1  5     2   0   1  2     1    4   4   1  3  -0.3518658

     6   2   1  5     2   0   1  2     1    4   4   1  4   0.4009605

             1  5             1  2     1            2  4   0.2636278

             1  5             1  2     1            3  4  -0.2617184

     6   2   1  5     2   0   1  2     1    4   4   1  5   0.1690309

             1  5             1  2     1            2  5   0.5523841

     6   2   1  5     2   0   1  2     1    4   4   1  6  -0.1130688

             1  5             1  2     1            2  6  -0.5016119

     6   2   1  5     2   0   1  2     1    4   4   1  7   0.1680995

     6   2   1  6     2   0   1  2     1    4   4   1  4  -0.5212116

             1  6             1  2     1            2  4   0.3342789

             1  6             1  2     1            3  4   0.0011459

             2  6             1  2     1            1  4   0.3644767

             2  6             1  2     1            2  4  -0.4481633

             2  6             1  2     1            3  4   0.1065850

     6   2   1  6     2   0   1  2     1    4   4   1  5  -0.6065797

             1  6             1  2     1            2  5  -0.0078678

             2  6             1  2     1            1  5   0.2914848

             2  6             1  2     1            2  5  -0.3973398

     6   2   1  6     2   0   1  2     1    4   4   1  6   0.6533138

             1  6             1  2     1            2  6   0.0042342

             2  6             1  2     1            1  6   0.2962294

             2  6             1  2     1            2  6   0.5750661

     6   2   1  6     2   0   1  2     1    4   4   1  7  -0.1109339

             2  6             1  2     1            1  7  -0.4139651

     6   2   1  6     2   0   1  2     1    4   4   1  8   0.0213492

             2  6             1  2     1            1  8   0.0796676

     6   2   1  7     2   0   1  2     1    4   4   1  5  -0.4573199

             1  7             1  2     1            2  5   0.1829564

     6   2   1  7     2   0   1  2     1    4   4   1  6   0.4114376

             1  7             1  2     1            2  6  -0.5384262

     6   2   1  7     2   0   1  2     1    4   4   1  7   0.6697014

     6   2   1  7     2   0   1  2     1    4   4   1  8  -0.2766417

     6   2   1  8     2   0   1  2     1    4   4   1  6  -0.1460029

             1  8             1  2     1            2  6   0.1910661

     6   2   1  8     2   0   1  2     1    4   4   1  7  -0.5101020

     6   2   1  8     2   0   1  2     1    4   4   1  8   0.8237545

     4   0   1  0     2   0   1  2     1    6   0   1  2   0.5291503

     4   0   1  2     2   0   1  2     1    6   0   1  0   0.7302967

     4   0   1  2     2   0   1  2     1    6   0   1  2  -0.4780914

     4   0   1  2     2   0   1  2     1    6   0   1  4   0.7928250

     4   0   1  4     2   0   1  2     1    6   0   1  2   0.3023716

     4   0   1  4     2   0   1  2     1    6   0   1  4  -0.3563483

     4   0   1  4     2   0   1  2     1    6   0   1  6   1.0000000

     4   0   1  0     2   0   1  2     1    2   2   1  2  -0.1129853

             1  0             1  2     1            2  2   0.4904770

     4   0   1  2     2   0   1  2     1    2   2   1  0  -0.6831301

     4   0   1  2     2   0   1  2     1    2   2   1  2   0.3181524

             1  2             1  2     1            2  2   0.8039889

     4   0   1  2     2   0   1  2     1    2   2   1  3  -0.5976143

     4   0   1  2     2   0   1  2     1    2   2   1  4   0.1195229

     4   0   1  4     2   0   1  2     1    2   2   1  2  -0.6738688

             1  4             1  2     1            2  2   0.3340885

     4   0   1  4     2   0   1  2     1    2   2   1  3  -0.8017837

     4   0   1  4     2   0   1  2     1    2   2   1  4   0.8864053

     2   4   1  0     2   0   1  2     1    4   4   1  2   0.5619733

             1  0             1  2     1            2  2  -0.0291997

     2   4   1  2     2   0   1  2     1    4   4   1  0   0.7049042

             2  2             1  2     1            1  0   0.0557679

     2   4   1  2     2   0   1  2     1    4   4   1  2  -0.4754210

             1  2             1  2     1            2  2   0.0803353

             2  2             1  2     1            1  2  -0.0554384

             2  2             1  2     1            2  2   0.5168106

     2   4   1  2     2   0   1  2     1    4   4   1  3   0.0781603

             2  2             1  2     1            1  3   0.7220374

     2   4   1  2     2   0   1  2     1    4   4   1  4   0.8546370

             1  2             1  2     1            2  4  -0.1440168

             1  2             1  2     1            3  4   0.0063562

             2  2             1  2     1            1  4  -0.0302351

             2  2             1  2     1            2  4   0.5856415

             2  2             1  2     1            3  4  -0.0380568

     2   4   1  3     2   0   1  2     1    4   4   1  2   0.0166227

             1  3             1  2     1            2  2  -0.4759995

     2   4   1  3     2   0   1  2     1    4   4   1  3   0.0000000

     2   4   1  3     2   0   1  2     1    4   4   1  4  -0.1032310

             1  3             1  2     1            2  4   0.6298745

             1  3             1  2     1            3  4  -0.0406806

     2   4   1  3     2   0   1  2     1    4   4   1  5   0.8047836

             1  3             1  2     1            2  5  -0.1159069

     2   4   1  4     2   0   1  2     1    4   4   1  2   0.2545888

             1  4             1  2     1            2  2   0.1901818

             2  4             1  2     1            1  2  -0.0154371

             2  4             1  2     1            2  2   0.0275911

     2   4   1  4     2   0   1  2     1    4   4   1  3  -0.3233204

             2  4             1  2     1            1  3  -0.0425811

     2   4   1  4     2   0   1  2     1    4   4   1  4  -0.3126363

             1  4             1  2     1            2  4  -0.0852716

             1  4             1  2     1            3  4   0.0954379

             2  4             1  2     1            1  4   0.0269725

             2  4             1  2     1            2  4  -0.0620924

             2  4             1  2     1            3  4   0.6663952

     2   4   1  4     2   0   1  2     1    4   4   1  5   0.5132163

             1  4             1  2     1            2  5   0.0300451

             2  4             1  2     1            1  5  -0.0282200

             2  4             1  2     1            2  5   0.7798348

     2   4   1  4     2   0   1  2     1    4   4   1  6   0.8837585

             1  4             1  2     1            2  6  -0.1553553

             2  4             1  2     1            1  6  -0.0010081

             2  4             1  2     1            2  6   0.5630779

     2   4   1  5     2   0   1  2     1    4   4   1  3   0.0986013

     2   4   1  5     2   0   1  2     1    4   4   1  4   0.0182294

             1  5             1  2     1            2  4  -0.1072180

             1  5             1  2     1            3  4  -0.3304710

     2   4   1  5     2   0   1  2     1    4   4   1  5  -0.1490712

             1  5             1  2     1            2  5   0.2581989

     2   4   1  5     2   0   1  2     1    4   4   1  6   0.0646541

             1  5             1  2     1            2  6   0.7475178

     2   4   1  5     2   0   1  2     1    4   4   1  7   0.8164966

     2   4   1  6     2   0   1  2     1    4   4   1  4   0.1177099

             1  6             1  2     1            2  4   0.1292284

             1  6             1  2     1            3  4   0.0616972

     2   4   1  6     2   0   1  2     1    4   4   1  5  -0.1499311

             1  6             1  2     1            2  5  -0.1986794

     2   4   1  6     2   0   1  2     1    4   4   1  6  -0.2505983

             1  6             1  2     1            2  6   0.1061818

     2   4   1  6     2   0   1  2     1    4   4   1  7   0.5773503

     2   4   1  6     2   0   1  2     1    4   4   1  8   1.0000000

     2   4   1  0     2   0   1  2     1    2   2   1  2  -0.1185027

             1  0             1  2     1            2  2  -0.1711445

     2   4   1  2     2   0   1  2     1    2   2   1  0  -0.4239444

             2  2             1  2     1            1  0  -0.7661186

     2   4   1  2     2   0   1  2     1    2   2   1  2   0.1774270

             1  2             1  2     1            2  2  -0.2584887

             2  2             1  2     1            1  2  -0.3282876

             2  2             1  2     1            2  2  -0.1454010

     2   4   1  2     2   0   1  2     1    2   2   1  3   0.2232271

             2  2             1  2     1            1  3  -0.1425578

     2   4   1  2     2   0   1  2     1    2   2   1  4  -0.1238589

             2  2             1  2     1            1  4  -0.0418426

     2   4   1  3     2   0   1  2     1    2   2   1  2  -0.5327401

             1  3             1  2     1            2  2   0.2641201

     2   4   1  3     2   0   1  2     1    2   2   1  3  -0.0000000

     2   4   1  3     2   0   1  2     1    2   2   1  4  -0.1690309

     2   4   1  4     2   0   1  2     1    2   2   1  2  -0.5867581

             1  4             1  2     1            2  2  -0.2274447

             2  4             1  2     1            1  2   0.0081348

             2  4             1  2     1            2  2  -0.7676756

     2   4   1  4     2   0   1  2     1    2   2   1  3   0.3041848

             2  4             1  2     1            1  3  -0.3824227

     2   4   1  4     2   0   1  2     1    2   2   1  4  -0.1679666

             2  4             1  2     1            1  4  -0.0805052

     2   4   1  5     2   0   1  2     1    2   2   1  3  -0.7282562

     2   4   1  5     2   0   1  2     1    2   2   1  4  -0.3708099

     2   4   1  6     2   0   1  2     1    2   2   1  4  -0.8062258

     2   4   1  0     2   0   1  2     1    0   6   1  2   0.2000000

     2   4   1  2     2   0   1  2     1    0   6   1  0  -0.5686661

             2  2             1  2     1            1  0   0.6402751

     2   4   1  2     2   0   1  2     1    0   6   1  2   0.5734380

             2  2             1  2     1            1  2  -0.1041700

     2   4   1  2     2   0   1  2     1    0   6   1  4   0.0361007

             2  2             1  2     1            1  4   0.3334948

     2   4   1  3     2   0   1  2     1    0   6   1  2   0.5577734

     2   4   1  3     2   0   1  2     1    0   6   1  4  -0.4360315

     2   4   1  4     2   0   1  2     1    0   6   1  2  -0.1099911

             2  4             1  2     1            1  2   0.2294861

     2   4   1  4     2   0   1  2     1    0   6   1  4   0.5798886

             2  4             1  2     1            1  4  -0.2111526

     2   4   1  4     2   0   1  2     1    0   6   1  6   0.0628964

             2  4             1  2     1            1  6   0.4693469

     2   4   1  5     2   0   1  2     1    0   6   1  4   0.3478328

     2   4   1  5     2   0   1  2     1    0   6   1  6  -0.5577734

     2   4   1  6     2   0   1  2     1    0   6   1  4  -0.0540192

     2   4   1  6     2   0   1  2     1    0   6   1  6   0.5945884

     0   2   1  0     2   0   1  2     1    2   2   1  2   0.8530281

             1  0             1  2     1            2  2  -0.0753423

     0   2   1  2     2   0   1  2     1    2   2   1  0   0.4082483

     0   2   1  2     2   0   1  2     1    2   2   1  2  -0.3572910

             1  2             1  2     1            2  2   0.6369274

     0   2   1  2     2   0   1  2     1    2   2   1  3   1.0000000

     0   2   1  2     2   0   1  2     1    2   2   1  4   1.0000000

     0   2   1  2     2   0   1  2     1    0   0   1  0  -0.9128709

