 ((lm1 mu1)al1 L1; (lm2 mu2)al2 L2 || rh (lm3 mu3)al3 L3)
    12   0   1  0     2   0   1  2     1   14   0   1  2   0.4322189

    12   0   1  2     2   0   1  2     1   14   0   1  0   0.7844645

    12   0   1  2     2   0   1  2     1   14   0   1  2  -0.4620615

    12   0   1  2     2   0   1  2     1   14   0   1  4   0.5814146

    12   0   1  4     2   0   1  2     1   14   0   1  2   0.4754573

    12   0   1  4     2   0   1  2     1   14   0   1  4  -0.4251724

    12   0   1  4     2   0   1  2     1   14   0   1  6   0.6781775

    12   0   1  6     2   0   1  2     1   14   0   1  4   0.3649659

    12   0   1  6     2   0   1  2     1   14   0   1  6  -0.3957820

    12   0   1  6     2   0   1  2     1   14   0   1  8   0.7634169

    12   0   1  8     2   0   1  2     1   14   0   1  6   0.2752084

    12   0   1  8     2   0   1  2     1   14   0   1  8  -0.3573568

    12   0   1  8     2   0   1  2     1   14   0   1 10   0.8441761

    12   0   1 10     2   0   1  2     1   14   0   1  8   0.1916858

    12   0   1 10     2   0   1  2     1   14   0   1 10  -0.3036507

    12   0   1 10     2   0   1  2     1   14   0   1 12   0.9227185

    12   0   1 12     2   0   1  2     1   14   0   1 10   0.1096031

    12   0   1 12     2   0   1  2     1   14   0   1 12  -0.2229113

    12   0   1 12     2   0   1  2     1   14   0   1 14   1.0000000

    12   0   1  0     2   0   1  2     1   10   2   1  2  -0.2134961

             1  0             1  2     1            2  2   0.5822669

    12   0   1  2     2   0   1  2     1   10   2   1  0  -0.6201737

    12   0   1  2     2   0   1  2     1   10   2   1  2   0.3014844

             1  2             1  2     1            2  2   0.7813913

    12   0   1  2     2   0   1  2     1   10   2   1  3  -0.7715167

    12   0   1  2     2   0   1  2     1   10   2   1  4  -0.2034040

             1  2             1  2     1            2  4   0.3724574

    12   0   1  4     2   0   1  2     1   10   2   1  2  -0.5108636

             1  4             1  2     1            2  2   0.2244409

    12   0   1  4     2   0   1  2     1   10   2   1  3  -0.6362090

    12   0   1  4     2   0   1  2     1   10   2   1  4   0.3082279

             1  4             1  2     1            2  4   0.8509529

    12   0   1  4     2   0   1  2     1   10   2   1  5  -0.6513389

    12   0   1  4     2   0   1  2     1   10   2   1  6  -0.1588318

             1  4             1  2     1            2  6   0.2682487

    12   0   1  6     2   0   1  2     1   10   2   1  4  -0.5396979

             1  6             1  2     1            2  4   0.3699373

    12   0   1  6     2   0   1  2     1   10   2   1  5  -0.7587869

    12   0   1  6     2   0   1  2     1   10   2   1  6   0.3399716

             1  6             1  2     1            2  6   0.8405735

    12   0   1  6     2   0   1  2     1   10   2   1  7  -0.5477226

    12   0   1  6     2   0   1  2     1   10   2   1  8  -0.1066262

             1  6             1  2     1            2  8   0.1877157

    12   0   1  8     2   0   1  2     1   10   2   1  6  -0.5788613

             1  8             1  2     1            2  6   0.4689874

    12   0   1  8     2   0   1  2     1   10   2   1  7  -0.8366600

    12   0   1  8     2   0   1  2     1   10   2   1  8   0.3926269

             1  8             1  2     1            2  8   0.8035603

    12   0   1  8     2   0   1  2     1   10   2   1  9  -0.4392977

    12   0   1  8     2   0   1  2     1   10   2   1 10  -0.0515352

             1  8             1  2     1            2 10   0.1138424

    12   0   1 10     2   0   1  2     1   10   2   1  8  -0.6149802

             1 10             1  2     1            2  8   0.5601692

    12   0   1 10     2   0   1  2     1   10   2   1  9  -0.8983416

    12   0   1 10     2   0   1  2     1   10   2   1 10   0.4784367

             1 10             1  2     1            2 10   0.7314633

    12   0   1 10     2   0   1  2     1   10   2   1 11  -0.3069249

    12   0   1 10     2   0   1  2     1   10   2   1 12   0.0236096

    12   0   1 12     2   0   1  2     1   10   2   1 10  -0.6354467

             1 12             1  2     1            2 10   0.6605372

    12   0   1 12     2   0   1  2     1   10   2   1 11  -0.9517337

    12   0   1 12     2   0   1  2     1   10   2   1 12   0.8469896

     8   2   1  0     2   0   1  2     1   10   2   1  2   0.4526767

             1  0             1  2     1            2  2  -0.0046990

     8   2   1  2     2   0   1  2     1   10   2   1  0   0.7737737

             2  2             1  2     1            1  0   0.0062977

     8   2   1  2     2   0   1  2     1   10   2   1  2  -0.4673859

             1  2             1  2     1            2  2   0.0118628

             2  2             1  2     1            1  2  -0.0064789

             2  2             1  2     1            2  2   0.4750828

     8   2   1  2     2   0   1  2     1   10   2   1  3   0.0088573

             2  2             1  2     1            1  3   0.6000974

     8   2   1  2     2   0   1  2     1   10   2   1  4   0.6256424

             1  2             1  2     1            2  4  -0.0203268

             2  2             1  2     1            1  4  -0.0042920

             2  2             1  2     1            2  4   0.4090119

     8   2   1  3     2   0   1  2     1   10   2   1  2   0.0030564

             1  3             1  2     1            2  2  -0.5427500

     8   2   1  3     2   0   1  2     1   10   2   1  3   0.0000000

     8   2   1  3     2   0   1  2     1   10   2   1  4  -0.0121315

             1  3             1  2     1            2  4   0.5289753

     8   2   1  3     2   0   1  2     1   10   2   1  5   0.5523841

     8   2   1  4     2   0   1  2     1   10   2   1  2   0.4407329

             1  4             1  2     1            2  2   0.0132277

             2  4             1  2     1            1  2   0.0133248

             2  4             1  2     1            2  2   0.2907281

     8   2   1  4     2   0   1  2     1   10   2   1  3  -0.0254452

             2  4             1  2     1            1  3  -0.4157312

     8   2   1  4     2   0   1  2     1   10   2   1  4  -0.4192534

             1  4             1  2     1            2  4   0.0072114

             2  4             1  2     1            1  4  -0.0103178

             2  4             1  2     1            2  4  -0.1703576

     8   2   1  4     2   0   1  2     1   10   2   1  5   0.0276785

             2  4             1  2     1            1  5   0.4522189

     8   2   1  4     2   0   1  2     1   10   2   1  6   0.7447121

             1  4             1  2     1            2  6  -0.0337410

             2  4             1  2     1            1  6  -0.0100219

             2  4             1  2     1            2  6   0.6522672

     8   2   1  5     2   0   1  2     1   10   2   1  3   0.3004270

     8   2   1  5     2   0   1  2     1   10   2   1  4   0.0071771

             1  5             1  2     1            2  4  -0.3129460

     8   2   1  5     2   0   1  2     1   10   2   1  5  -0.2429276

     8   2   1  5     2   0   1  2     1   10   2   1  6  -0.0211433

             1  5             1  2     1            2  6   0.3913773

     8   2   1  5     2   0   1  2     1   10   2   1  7   0.7307082

     8   2   1  6     2   0   1  2     1   10   2   1  4   0.3070363

             1  6             1  2     1            2  4   0.0280067

             2  6             1  2     1            1  4   0.0195562

             2  6             1  2     1            2  4   0.2718546

     8   2   1  6     2   0   1  2     1   10   2   1  5  -0.0353988

             2  6             1  2     1            1  5  -0.2357519

     8   2   1  6     2   0   1  2     1   10   2   1  6  -0.3705860

             1  6             1  2     1            2  6  -0.0039909

             2  6             1  2     1            1  6  -0.0165570

             2  6             1  2     1            2  6  -0.2688708

     8   2   1  6     2   0   1  2     1   10   2   1  7   0.0505722

             2  6             1  2     1            1  7   0.3368049

     8   2   1  6     2   0   1  2     1   10   2   1  8   0.8508091

             1  6             1  2     1            2  8  -0.0467514

             2  6             1  2     1            1  8  -0.0153598

             2  6             1  2     1            2  8   0.8030554

     8   2   1  7     2   0   1  2     1   10   2   1  5   0.2325935

     8   2   1  7     2   0   1  2     1   10   2   1  6   0.0096150

             1  7             1  2     1            2  6  -0.1779805

     8   2   1  7     2   0   1  2     1   10   2   1  7  -0.2729777

     8   2   1  7     2   0   1  2     1   10   2   1  8  -0.0320510

             1  7             1  2     1            2  8   0.2983949

     8   2   1  7     2   0   1  2     1   10   2   1  9   0.8632634

     8   2   1  8     2   0   1  2     1   10   2   1  6   0.1943148

             1  8             1  2     1            2  6   0.0422866

             2  8             1  2     1            1  6   0.0263363

             2  8             1  2     1            2  6   0.1830210

     8   2   1  8     2   0   1  2     1   10   2   1  7  -0.0427147

             2  8             1  2     1            1  7  -0.1289424

     8   2   1  8     2   0   1  2     1   10   2   1  8  -0.2990910

             1  8             1  2     1            2  8  -0.0259777

             2  8             1  2     1            1  8  -0.0287838

             2  8             1  2     1            2  8  -0.2498631

     8   2   1  8     2   0   1  2     1   10   2   1  9   0.0824222

             2  8             1  2     1            1  9   0.2488072

     8   2   1  8     2   0   1  2     1   10   2   1 10   0.9493989

             1  8             1  2     1            2 10  -0.0593325

             2  8             1  2     1            1 10  -0.0204512

             2  8             1  2     1            2 10   0.9309098

     8   2   1  9     2   0   1  2     1   10   2   1  7   0.1375730

     8   2   1  9     2   0   1  2     1   10   2   1  8   0.0098559

             1  9             1  2     1            2  8  -0.0917589

     8   2   1  9     2   0   1  2     1   10   2   1  9  -0.2232655

     8   2   1  9     2   0   1  2     1   10   2   1 10  -0.0472412

             1  9             1  2     1            2 10   0.2277308

     8   2   1  9     2   0   1  2     1   10   2   1 11   0.9797959

     8   2   1 10     2   0   1  2     1   10   2   1  8   0.0925283

             1 10             1  2     1            2  8   0.0897772

     8   2   1 10     2   0   1  2     1   10   2   1  9  -0.0678704

     8   2   1 10     2   0   1  2     1   10   2   1 10  -0.1831696

             1 10             1  2     1            2 10  -0.1422606

     8   2   1 10     2   0   1  2     1   10   2   1 11   0.2000000

     8   2   1 10     2   0   1  2     1   10   2   1 12   1.0000000

     8   2   1  0     2   0   1  2     1    8   0   1  2  -0.1217161

     8   2   1  2     2   0   1  2     1    8   0   1  0  -0.3628393

             2  2             1  2     1            1  0  -0.8152570

     8   2   1  2     2   0   1  2     1    8   0   1  2   0.1714873

             2  2             1  2     1            1  2  -0.3766009

     8   2   1  2     2   0   1  2     1    8   0   1  4  -0.1140893

             2  2             1  2     1            1  4  -0.0406711

     8   2   1  3     2   0   1  2     1    8   0   1  2  -0.5729597

     8   2   1  3     2   0   1  2     1    8   0   1  4  -0.1834940

     8   2   1  4     2   0   1  2     1    8   0   1  2  -0.3064783

             2  4             1  2     1            1  2  -0.4394133

     8   2   1  4     2   0   1  2     1    8   0   1  4   0.1690361

             2  4             1  2     1            1  4  -0.4085192

     8   2   1  4     2   0   1  2     1    8   0   1  6  -0.0866714

             2  4             1  2     1            1  6  -0.0449888

     8   2   1  5     2   0   1  2     1    8   0   1  4  -0.5427825

     8   2   1  5     2   0   1  2     1    8   0   1  6  -0.1762953

     8   2   1  6     2   0   1  2     1    8   0   1  4  -0.3361657

             2  6             1  2     1            1  4  -0.4021312

     8   2   1  6     2   0   1  2     1    8   0   1  6   0.1765721

             2  6             1  2     1            1  6  -0.4013073

     8   2   1  6     2   0   1  2     1    8   0   1  8  -0.0533783

             2  6             1  2     1            1  8  -0.0285455

     8   2   1  7     2   0   1  2     1    8   0   1  6  -0.5451631

     8   2   1  7     2   0   1  2     1    8   0   1  8  -0.1335115

     8   2   1  8     2   0   1  2     1    8   0   1  6  -0.3838491

             2  8             1  2     1            1  6  -0.3927667

     8   2   1  8     2   0   1  2     1    8   0   1  8   0.1901549

             2  8             1  2     1            1  8  -0.3816534

     8   2   1  9     2   0   1  2     1    8   0   1  8  -0.5571871

     8   2   1 10     2   0   1  2     1    8   0   1  8  -0.5857792

     8   2   1  0     2   0   1  2     1    6   4   1  2  -0.1552441

             1  0             1  2     1            2  2   0.3951534

     8   2   1  2     2   0   1  2     1    6   4   1  0  -0.5192513

             2  2             1  2     1            1  0   0.5790651

     8   2   1  2     2   0   1  2     1    6   4   1  2   0.2470698

             1  2             1  2     1            2  2   0.5577985

             2  2             1  2     1            1  2   0.2475944

             2  2             1  2     1            2  2  -0.2071844

     8   2   1  2     2   0   1  2     1    6   4   1  3  -0.5181339

             2  2             1  2     1            1  3  -0.1847070

     8   2   1  2     2   0   1  2     1    6   4   1  4  -0.1224208

             1  2             1  2     1            2  4   0.2245616

             1  2             1  2     1            3  4   0.0011035

             2  2             1  2     1            1  4   0.0196282

             2  2             1  2     1            2  4  -0.0629957

             2  2             1  2     1            3  4   0.6573463

     8   2   1  3     2   0   1  2     1    6   4   1  2   0.4042540

             1  3             1  2     1            2  2   0.3205969

     8   2   1  3     2   0   1  2     1    6   4   1  3   0.0000000

     8   2   1  3     2   0   1  2     1    6   4   1  4   0.1021995

             1  3             1  2     1            2  4  -0.1638709

             1  3             1  2     1            3  4  -0.5757853

     8   2   1  3     2   0   1  2     1    6   4   1  5  -0.0558937

             1  3             1  2     1            2  5   0.4714389

     8   2   1  4     2   0   1  2     1    6   4   1  2  -0.4485485

             1  4             1  2     1            2  2   0.1751203

             2  4             1  2     1            1  2   0.3351811

             2  4             1  2     1            2  2  -0.2543999

     8   2   1  4     2   0   1  2     1    6   4   1  3  -0.4774850

             2  4             1  2     1            1  3   0.2957774

     8   2   1  4     2   0   1  2     1    6   4   1  4   0.2761454

             1  4             1  2     1            2  4   0.5945870

             1  4             1  2     1            3  4   0.0020573

             2  4             1  2     1            1  4   0.2607826

             2  4             1  2     1            2  4   0.0761443

             2  4             1  2     1            3  4   0.4155851

     8   2   1  4     2   0   1  2     1    6   4   1  5  -0.4013582

             1  4             1  2     1            2  5  -0.0040444

             2  4             1  2     1            1  5  -0.1387126

             2  4             1  2     1            2  5  -0.5893264

     8   2   1  4     2   0   1  2     1    6   4   1  6  -0.0622910

             1  4             1  2     1            2  6   0.1280928

             1  4             1  2     1            3  6   0.0036533

             2  4             1  2     1            1  6   0.0109645

             2  4             1  2     1            2  6  -0.0370069

             2  4             1  2     1            3  6   0.3478259

     8   2   1  5     2   0   1  2     1    6   4   1  3  -0.3227486

     8   2   1  5     2   0   1  2     1    6   4   1  4   0.3938560

             1  5             1  2     1            2  4   0.2471042

             1  5             1  2     1            3  4  -0.2350905

     8   2   1  5     2   0   1  2     1    6   4   1  5   0.1469640

             1  5             1  2     1            2  5   0.5306663

     8   2   1  5     2   0   1  2     1    6   4   1  6   0.0776603

             1  5             1  2     1            2  6  -0.1372740

             1  5             1  2     1            3  6  -0.5449406

     8   2   1  5     2   0   1  2     1    6   4   1  7  -0.0118068

             1  5             1  2     1            2  7   0.2541135

     8   2   1  6     2   0   1  2     1    6   4   1  4  -0.4835113

             1  6             1  2     1            2  4   0.2967157

             1  6             1  2     1            3  4   0.0005521

             2  6             1  2     1            1  4   0.3269817

             2  6             1  2     1            2  4  -0.3898973

             2  6             1  2     1            3  4   0.0904675

     8   2   1  6     2   0   1  2     1    6   4   1  5  -0.5740425

             1  6             1  2     1            2  5  -0.0031601

             2  6             1  2     1            1  5   0.2498182

             2  6             1  2     1            2  5  -0.3530590

     8   2   1  6     2   0   1  2     1    6   4   1  6   0.3479154

             1  6             1  2     1            2  6   0.5569889

             1  6             1  2     1            3  6   0.0084023

             2  6             1  2     1            1  6   0.2379161

             2  6             1  2     1            2  6   0.1671050

             2  6             1  2     1            3  6   0.5826754

     8   2   1  6     2   0   1  2     1    6   4   1  7  -0.2825411

             1  6             1  2     1            2  7  -0.0121172

             2  6             1  2     1            1  7  -0.1290737

             2  6             1  2     1            2  7  -0.4804621

     8   2   1  6     2   0   1  2     1    6   4   1  8   0.0267627

             1  6             1  2     1            2  8   0.0175664

             2  6             1  2     1            1  8   0.0182197

             2  6             1  2     1            2  8   0.1725850

     8   2   1  7     2   0   1  2     1    6   4   1  5  -0.4095462

             1  7             1  2     1            2  5   0.1527444

     8   2   1  7     2   0   1  2     1    6   4   1  6   0.4058895

             1  7             1  2     1            2  6   0.1823692

             1  7             1  2     1            3  6  -0.4407720

     8   2   1  7     2   0   1  2     1    6   4   1  7   0.2473827

             1  7             1  2     1            2  7   0.5989174

     8   2   1  7     2   0   1  2     1    6   4   1  8  -0.0977905

             1  7             1  2     1            2  8  -0.4151322

     8   2   1  7     2   0   1  2     1    6   4   1  9   0.1059890

     8   2   1  8     2   0   1  2     1    6   4   1  6  -0.5097304

             1  8             1  2     1            2  6   0.3811128

             1  8             1  2     1            3  6   0.0017069

             2  8             1  2     1            1  6   0.3436070

             2  8             1  2     1            2  6  -0.4949320

             2  8             1  2     1            3  6   0.2141278

     8   2   1  8     2   0   1  2     1    6   4   1  7  -0.6306438

             1  8             1  2     1            2  7  -0.0097388

             2  8             1  2     1            1  7   0.2330743

             2  8             1  2     1            2  7  -0.5167899

     8   2   1  8     2   0   1  2     1    6   4   1  8   0.6574849

             1  8             1  2     1            2  8   0.0010796

             2  8             1  2     1            1  8   0.3476853

             2  8             1  2     1            2  8   0.5720248

     8   2   1  8     2   0   1  2     1    6   4   1  9  -0.1113151

             2  8             1  2     1            1  9  -0.3360261

     8   2   1  8     2   0   1  2     1    6   4   1 10   0.0165252

             2  8             1  2     1            1 10   0.0498844

     8   2   1  9     2   0   1  2     1    6   4   1  7  -0.4686677

             1  9             1  2     1            2  7   0.2704243

     8   2   1  9     2   0   1  2     1    6   4   1  8   0.3564610

             1  9             1  2     1            2  8  -0.6260436

     8   2   1  9     2   0   1  2     1    6   4   1  9   0.6715913

     8   2   1  9     2   0   1  2     1    6   4   1 10  -0.2180157

     8   2   1 10     2   0   1  2     1    6   4   1  8  -0.1362737

             1 10             1  2     1            2  8   0.2393342

     8   2   1 10     2   0   1  2     1    6   4   1  9  -0.5614309

     8   2   1 10     2   0   1  2     1    6   4   1 10   0.8309322

     6   0   1  0     2   0   1  2     1    8   0   1  2   0.4855042

     6   0   1  2     2   0   1  2     1    8   0   1  0   0.7559289

     6   0   1  2     2   0   1  2     1    8   0   1  2  -0.4738035

     6   0   1  2     2   0   1  2     1    8   0   1  4   0.6974199

     6   0   1  4     2   0   1  2     1    8   0   1  2   0.3833259

     6   0   1  4     2   0   1  2     1    8   0   1  4  -0.4009883

     6   0   1  4     2   0   1  2     1    8   0   1  6   0.8547043

     6   0   1  6     2   0   1  2     1    8   0   1  4   0.2080626

     6   0   1  6     2   0   1  2     1    8   0   1  6  -0.3015113

     6   0   1  6     2   0   1  2     1    8   0   1  8   1.0000000

     6   0   1  0     2   0   1  2     1    4   2   1  2  -0.1654454

             1  0             1  2     1            2  2   0.5356431

     6   0   1  2     2   0   1  2     1    4   2   1  0  -0.6546537

     6   0   1  2     2   0   1  2     1    4   2   1  2   0.3047649

             1  2             1  2     1            2  2   0.7968749

     6   0   1  2     2   0   1  2     1    4   2   1  3  -0.6900656

     6   0   1  2     2   0   1  2     1    4   2   1  4  -0.0924991

             1  2             1  2     1            2  4   0.2618042

     6   0   1  4     2   0   1  2     1    4   2   1  2  -0.5968436

             1  4             1  2     1            2  2   0.2789111

     6   0   1  4     2   0   1  2     1    4   2   1  3  -0.7237469

     6   0   1  4     2   0   1  2     1    4   2   1  4   0.3807186

             1  4             1  2     1            2  4   0.8192519

     6   0   1  4     2   0   1  2     1    4   2   1  5  -0.4605662

     6   0   1  4     2   0   1  2     1    4   2   1  6   0.0657952

     6   0   1  6     2   0   1  2     1    4   2   1  4  -0.6627202

             1  6             1  2     1            2  4   0.5048620

     6   0   1  6     2   0   1  2     1    4   2   1  5  -0.8876254

     6   0   1  6     2   0   1  2     1    4   2   1  6   0.8703883

     4   4   1  0     2   0   1  2     1    6   4   1  2   0.4977558

             1  0             1  2     1            2  2  -0.0154662

     4   4   1  2     2   0   1  2     1    6   4   1  0   0.7478756

             2  2             1  2     1            1  0   0.0261170

     4   4   1  2     2   0   1  2     1    6   4   1  2  -0.4748170

             1  2             1  2     1            2  2   0.0403355

             2  2             1  2     1            1  2  -0.0264684

             2  2             1  2     1            2  2   0.4931703

     4   4   1  2     2   0   1  2     1    6   4   1  3   0.0339352

             2  2             1  2     1            1  3   0.6531110

     4   4   1  2     2   0   1  2     1    6   4   1  4   0.7216479

             1  2             1  2     1            2  4  -0.0707397

             1  2             1  2     1            3  4   0.0016597

             2  2             1  2     1            1  4  -0.0162955

             2  2             1  2     1            2  4   0.4794289

             2  2             1  2     1            3  4  -0.0186539

     4   4   1  3     2   0   1  2     1    6   4   1  2   0.0104273

             1  3             1  2     1            2  2  -0.5186349

     4   4   1  3     2   0   1  2     1    6   4   1  3   0.0000000

     4   4   1  3     2   0   1  2     1    6   4   1  4  -0.0495137

             1  3             1  2     1            2  4   0.5750006

             1  3             1  2     1            3  4  -0.0223269

     4   4   1  3     2   0   1  2     1    6   4   1  5   0.6559958

             1  3             1  2     1            2  5  -0.0534755

     4   4   1  4     2   0   1  2     1    6   4   1  2   0.3607055

             1  4             1  2     1            2  2   0.0479692

             2  4             1  2     1            1  2   0.0544198

             2  4             1  2     1            2  2   0.2437331

             3  4             1  2     1            1  2   0.0004450

             3  4             1  2     1            2  2   0.0129102

     4   4   1  4     2   0   1  2     1    6   4   1  3  -0.0888123

             2  4             1  2     1            1  3  -0.3683299

             3  4             1  2     1            1  3  -0.0193963

     4   4   1  4     2   0   1  2     1    6   4   1  4  -0.3890688

             1  4             1  2     1            2  4   0.0123083

             1  4             1  2     1            3  4   0.0024013

             2  4             1  2     1            1  4  -0.0501642

             2  4             1  2     1            2  4  -0.1568358

             2  4             1  2     1            3  4   0.0482900

             3  4             1  2     1            1  4   0.0010789

             3  4             1  2     1            2  4  -0.0265756

             3  4             1  2     1            3  4   0.6471288

     4   4   1  4     2   0   1  2     1    6   4   1  5   0.1142619

             1  4             1  2     1            2  5  -0.0068772

             2  4             1  2     1            1  5   0.4718112

             2  4             1  2     1            2  5   0.0063535

             3  4             1  2     1            1  5  -0.0159374

             3  4             1  2     1            2  5   0.6889982

     4   4   1  4     2   0   1  2     1    6   4   1  6   0.8823227

             1  4             1  2     1            2  6  -0.1181080

             1  4             1  2     1            3  6   0.0071696

             2  4             1  2     1            1  6  -0.0372807

             2  4             1  2     1            2  6   0.7956339

             2  4             1  2     1            3  6  -0.0838566

             3  4             1  2     1            1  6   0.0001759

             3  4             1  2     1            2  6  -0.0051297

             3  4             1  2     1            3  6   0.4323780

     4   4   1  5     2   0   1  2     1    6   4   1  3   0.2223243

             2  5             1  2     1            1  3   0.0274540

     4   4   1  5     2   0   1  2     1    6   4   1  4   0.0215207

             1  5             1  2     1            2  4  -0.2494584

             1  5             1  2     1            3  4  -0.0467856

             2  5             1  2     1            1  4   0.0020024

             2  5             1  2     1            2  4  -0.0200566

             2  5             1  2     1            3  4  -0.3913265

     4   4   1  5     2   0   1  2     1    6   4   1  5  -0.2150392

             1  5             1  2     1            2  5   0.0535431

             2  5             1  2     1            1  5  -0.0411700

             2  5             1  2     1            2  5   0.2534113

     4   4   1  5     2   0   1  2     1    6   4   1  6  -0.0929345

             1  5             1  2     1            2  6   0.4138086

             1  5             1  2     1            3  6   0.0432876

             2  5             1  2     1            1  6   0.0018383

             2  5             1  2     1            2  6  -0.0273621

             2  5             1  2     1            3  6   0.7024167

     4   4   1  5     2   0   1  2     1    6   4   1  7   0.8869057

             1  5             1  2     1            2  7  -0.1096918

             2  5             1  2     1            1  7  -0.0080612

             2  5             1  2     1            2  7   0.6448409

     4   4   1  6     2   0   1  2     1    6   4   1  4   0.1904430

             1  6             1  2     1            2  4   0.1753145

             1  6             1  2     1            3  4   0.0223858

             2  6             1  2     1            1  4  -0.0213204

             2  6             1  2     1            2  4   0.0402019

             2  6             1  2     1            3  4   0.1114566

     4   4   1  6     2   0   1  2     1    6   4   1  5  -0.1872057

             1  6             1  2     1            2  5  -0.0684869

             2  6             1  2     1            1  5  -0.0195806

             2  6             1  2     1            2  5  -0.3191140

     4   4   1  6     2   0   1  2     1    6   4   1  6  -0.2727003

             1  6             1  2     1            2  6  -0.1599865

             1  6             1  2     1            3  6   0.0394302

             2  6             1  2     1            1  6   0.0422488

             2  6             1  2     1            2  6  -0.0712505

             2  6             1  2     1            3  6   0.0608636

     4   4   1  6     2   0   1  2     1    6   4   1  7   0.3571968

             1  6             1  2     1            2  7   0.0821785

             2  6             1  2     1            1  7  -0.0386854

             2  6             1  2     1            2  7   0.6355319

     4   4   1  6     2   0   1  2     1    6   4   1  8   0.9044879

             1  6             1  2     1            2  8  -0.1036977

             2  6             1  2     1            1  8  -0.0036672

             2  6             1  2     1            2  8   0.8075728

     4   4   1  7     2   0   1  2     1    6   4   1  5   0.0953497

             1  7             1  2     1            2  5   0.1030927

     4   4   1  7     2   0   1  2     1    6   4   1  6   0.0170136

             1  7             1  2     1            2  6  -0.0698178

             1  7             1  2     1            3  6  -0.2257135

     4   4   1  7     2   0   1  2     1    6   4   1  7  -0.1607155

             1  7             1  2     1            2  7  -0.0074673

     4   4   1  7     2   0   1  2     1    6   4   1  8   0.0508812

             1  7             1  2     1            2  8   0.5449571

     4   4   1  7     2   0   1  2     1    6   4   1  9   0.9128709

     4   4   1  8     2   0   1  2     1    6   4   1  6   0.0948926

             1  8             1  2     1            2  6   0.1038502

             1  8             1  2     1            3  6   0.0607211

     4   4   1  8     2   0   1  2     1    6   4   1  7  -0.0973218

             1  8             1  2     1            2  7  -0.1201023

     4   4   1  8     2   0   1  2     1    6   4   1  8  -0.2360628

             1  8             1  2     1            2  8   0.0056525

     4   4   1  8     2   0   1  2     1    6   4   1  9   0.4082483

     4   4   1  8     2   0   1  2     1    6   4   1 10   1.0000000

     4   4   1  0     2   0   1  2     1    4   2   1  2  -0.1279991

             1  0             1  2     1            2  2  -0.1778095

     4   4   1  2     2   0   1  2     1    4   2   1  0  -0.4076014

             2  2             1  2     1            1  0  -0.7706238

     4   4   1  2     2   0   1  2     1    4   2   1  2   0.1832341

             1  2             1  2     1            2  2  -0.2527200

             2  2             1  2     1            1  2  -0.3465968

             2  2             1  2     1            2  2  -0.1539427

     4   4   1  2     2   0   1  2     1    4   2   1  3   0.2342913

             2  2             1  2     1            1  3  -0.1512791

     4   4   1  2     2   0   1  2     1    4   2   1  4  -0.1129293

             1  2             1  2     1            2  4  -0.1016629

             2  2             1  2     1            1  4  -0.0341303

             2  2             1  2     1            2  4  -0.0542450

     4   4   1  3     2   0   1  2     1    4   2   1  2  -0.5393652

             1  3             1  2     1            2  2   0.2520508

     4   4   1  3     2   0   1  2     1    4   2   1  3   0.0000000

     4   4   1  3     2   0   1  2     1    4   2   1  4  -0.1579453

             1  3             1  2     1            2  4  -0.1214783

     4   4   1  3     2   0   1  2     1    4   2   1  5  -0.0544949

     4   4   1  4     2   0   1  2     1    4   2   1  2  -0.3634994

             1  4             1  2     1            2  2  -0.0802549

             2  4             1  2     1            1  2  -0.4193825

             2  4             1  2     1            2  2  -0.1913603

             3  4             1  2     1            1  2  -0.0024527

             3  4             1  2     1            2  2  -0.7722161

     4   4   1  4     2   0   1  2     1    4   2   1  3   0.2219283

             2  4             1  2     1            1  3   0.2044355

             3  4             1  2     1            1  3  -0.4017442

     4   4   1  4     2   0   1  2     1    4   2   1  4   0.1692329

             1  4             1  2     1            2  4  -0.2752554

             2  4             1  2     1            1  4  -0.3682746

             2  4             1  2     1            2  4   0.0927428

             3  4             1  2     1            1  4  -0.0035104

             3  4             1  2     1            2  4  -0.1466032

     4   4   1  4     2   0   1  2     1    4   2   1  5   0.1814101

             2  4             1  2     1            1  5  -0.1175985

             3  4             1  2     1            1  5  -0.0282191

     4   4   1  4     2   0   1  2     1    4   2   1  6  -0.0954029

             2  4             1  2     1            1  6  -0.0480966

             3  4             1  2     1            1  6  -0.0019491

     4   4   1  5     2   0   1  2     1    4   2   1  3  -0.2622976

             2  5             1  2     1            1  3  -0.6556421

     4   4   1  5     2   0   1  2     1    4   2   1  4  -0.5114448

             1  5             1  2     1            2  4   0.2044619

             2  5             1  2     1            1  4  -0.0076316

             2  5             1  2     1            2  4  -0.4570094

     4   4   1  5     2   0   1  2     1    4   2   1  5   0.1032796

             2  5             1  2     1            1  5  -0.1788854

     4   4   1  5     2   0   1  2     1    4   2   1  6  -0.1574308

             2  5             1  2     1            1  6  -0.0194405

     4   4   1  6     2   0   1  2     1    4   2   1  4  -0.5717761

             1  6             1  2     1            2  4  -0.3174957

             2  6             1  2     1            1  4   0.0210814

             2  6             1  2     1            2  4  -0.5915220

     4   4   1  6     2   0   1  2     1    4   2   1  5   0.2626326

             2  6             1  2     1            1  5  -0.5003775

     4   4   1  6     2   0   1  2     1    4   2   1  6  -0.1316631

             2  6             1  2     1            1  6  -0.1349829

     4   4   1  7     2   0   1  2     1    4   2   1  5  -0.6605783

     4   4   1  7     2   0   1  2     1    4   2   1  6  -0.4296689

     4   4   1  8     2   0   1  2     1    4   2   1  6  -0.7922704

     4   4   1  0     2   0   1  2     1    2   6   1  2  -0.0903830

             1  0             1  2     1            2  2   0.3095657

     4   4   1  2     2   0   1  2     1    2   6   1  0  -0.5239687

             2  2             1  2     1            1  0   0.6367549

     4   4   1  2     2   0   1  2     1    2   6   1  2   0.2437524

             1  2             1  2     1            2  2   0.5063555

             2  2             1  2     1            1  2   0.1985951

             2  2             1  2     1            2  2  -0.1999674

     4   4   1  2     2   0   1  2     1    2   6   1  3  -0.3788229

             2  2             1  2     1            1  3  -0.1356392

     4   4   1  2     2   0   1  2     1    2   6   1  4   0.0641923

             1  2             1  2     1            2  4   0.0146280

             2  2             1  2     1            1  4   0.0235581

             2  2             1  2     1            2  4   0.4634576

     4   4   1  3     2   0   1  2     1    2   6   1  2   0.4287243

             1  3             1  2     1            2  2   0.3599011

     4   4   1  3     2   0   1  2     1    2   6   1  3   0.0000000

     4   4   1  3     2   0   1  2     1    2   6   1  4  -0.0995627

             1  3             1  2     1            2  4  -0.4717327

     4   4   1  3     2   0   1  2     1    2   6   1  5   0.2572583

     4   4   1  4     2   0   1  2     1    2   6   1  2  -0.5049775

             1  4             1  2     1            2  2   0.2003312

             2  4             1  2     1            1  2   0.4395213

             2  4             1  2     1            2  2  -0.3233100

             3  4             1  2     1            1  2   0.0018694

             3  4             1  2     1            2  2   0.2606054

     4   4   1  4     2   0   1  2     1    2   6   1  3  -0.4886715

             2  4             1  2     1            1  3   0.3777328

             3  4             1  2     1            1  3   0.0853231

     4   4   1  4     2   0   1  2     1    2   6   1  4   0.5876273

             1  4             1  2     1            2  4   0.0122516

             2  4             1  2     1            1  4   0.1883297

             2  4             1  2     1            2  4   0.3762556

             3  4             1  2     1            1  4  -0.0048187

             3  4             1  2     1            2  4  -0.2176641

     4   4   1  4     2   0   1  2     1    2   6   1  5  -0.1048224

             2  4             1  2     1            1  5  -0.4366404

             3  4             1  2     1            1  5  -0.0607519

     4   4   1  4     2   0   1  2     1    2   6   1  6   0.0276330

             1  4             1  2     1            2  6  -0.0034719

             2  4             1  2     1            1  6   0.1196573

             2  4             1  2     1            2  6   0.0174617

             3  4             1  2     1            1  6   0.1061278

             3  4             1  2     1            2  6   0.6300520

     4   4   1  5     2   0   1  2     1    2   6   1  3  -0.4145534

             2  5             1  2     1            1  3   0.2532696

     4   4   1  5     2   0   1  2     1    2   6   1  4   0.5312855

             1  5             1  2     1            2  4  -0.2706489

             2  5             1  2     1            1  4   0.0818040

             2  5             1  2     1            2  4   0.3183529

     4   4   1  5     2   0   1  2     1    2   6   1  5   0.5159010

             2  5             1  2     1            1  5  -0.1189700

     4   4   1  5     2   0   1  2     1    2   6   1  6  -0.3096601

             1  5             1  2     1            2  6  -0.0207060

             2  5             1  2     1            1  6  -0.1278047

             2  5             1  2     1            2  6  -0.5670241

     4   4   1  5     2   0   1  2     1    2   6   1  7   0.0551088

             2  5             1  2     1            1  7   0.3826403

     4   4   1  6     2   0   1  2     1    2   6   1  4  -0.1381356

             1  6             1  2     1            2  4   0.0656862

             2  6             1  2     1            1  4   0.1938739

             2  6             1  2     1            2  4  -0.1888472

     4   4   1  6     2   0   1  2     1    2   6   1  5  -0.2971665

             2  6             1  2     1            1  5   0.4173347

     4   4   1  6     2   0   1  2     1    2   6   1  6   0.7152089

             1  6             1  2     1            2  6  -0.0366203

             2  6             1  2     1            1  6  -0.0428729

             2  6             1  2     1            2  6   0.4419733

     4   4   1  6     2   0   1  2     1    2   6   1  7  -0.1460811

             2  6             1  2     1            1  7  -0.5594158

     4   4   1  6     2   0   1  2     1    2   6   1  8   0.0486937

             2  6             1  2     1            1  8   0.1864719

     4   4   1  7     2   0   1  2     1    2   6   1  5  -0.1799101

     4   4   1  7     2   0   1  2     1    2   6   1  6   0.3298954

             1  7             1  2     1            2  6  -0.2630418

     4   4   1  7     2   0   1  2     1    2   6   1  7   0.6137914

     4   4   1  7     2   0   1  2     1    2   6   1  8  -0.4391550

     4   4   1  8     2   0   1  2     1    2   6   1  6  -0.0675886

             1  8             1  2     1            2  6   0.0538917

     4   4   1  8     2   0   1  2     1    2   6   1  7  -0.2699206

     4   4   1  8     2   0   1  2     1    2   6   1  8   0.7549834

     2   2   1  0     2   0   1  2     1    4   2   1  2   0.5832733

             1  0             1  2     1            2  2  -0.0230869

     2   2   1  2     2   0   1  2     1    4   2   1  0   0.6927515

             2  2             1  2     1            1  0   0.0397089

     2   2   1  2     2   0   1  2     1    4   2   1  2  -0.4753217

             1  2             1  2     1            2  2   0.0648441

             2  2             1  2     1            1  2  -0.0393664

             2  2             1  2     1            2  2   0.5227120

     2   2   1  2     2   0   1  2     1    4   2   1  3   0.0659108

             2  2             1  2     1            1  3   0.7462441

     2   2   1  2     2   0   1  2     1    4   2   1  4   0.9043283

             1  2             1  2     1            2  4  -0.1175095

             2  2             1  2     1            1  4  -0.0203340

             2  2             1  2     1            2  4   0.6200981

     2   2   1  3     2   0   1  2     1    4   2   1  2   0.0109076

             1  3             1  2     1            2  2  -0.4670492

     2   2   1  3     2   0   1  2     1    4   2   1  3   0.0000000

     2   2   1  3     2   0   1  2     1    4   2   1  4  -0.0734792

             1  3             1  2     1            2  4   0.6382000

     2   2   1  3     2   0   1  2     1    4   2   1  5   0.8660254

     2   2   1  4     2   0   1  2     1    4   2   1  2   0.1999805

             1  4             1  2     1            2  2   0.1684493

     2   2   1  4     2   0   1  2     1    4   2   1  3  -0.2857143

     2   2   1  4     2   0   1  2     1    4   2   1  4  -0.2618042

             1  4             1  2     1            2  4  -0.0924991

     2   2   1  4     2   0   1  2     1    4   2   1  5   0.5000000

     2   2   1  4     2   0   1  2     1    4   2   1  6   1.0000000

     2   2   1  0     2   0   1  2     1    2   0   1  2  -0.0860663

     2   2   1  2     2   0   1  2     1    2   0   1  0  -0.4009520

             2  2             1  2     1            1  0  -0.8087350

     2   2   1  2     2   0   1  2     1    2   0   1  2   0.1684286

             2  2             1  2     1            1  2  -0.3002504

     2   2   1  3     2   0   1  2     1    2   0   1  2  -0.5577734

     2   2   1  4     2   0   1  2     1    2   0   1  2  -0.6324555

     2   2   1  0     2   0   1  2     1    0   4   1  2   0.2277100

     2   2   1  2     2   0   1  2     1    0   4   1  0  -0.5994437

             2  2             1  2     1            1  0   0.5868312

     2   2   1  2     2   0   1  2     1    0   4   1  2   0.6350119

             2  2             1  2     1            1  2  -0.1100171

     2   2   1  2     2   0   1  2     1    0   4   1  4   0.0367633

             2  2             1  2     1            1  4   0.4162351

     2   2   1  3     2   0   1  2     1    0   4   1  2   0.5270463

     2   2   1  3     2   0   1  2     1    0   4   1  4  -0.5270463

     2   2   1  4     2   0   1  2     1    0   4   1  2  -0.1195229

     2   2   1  4     2   0   1  2     1    0   4   1  4   0.6606875

     0   6   1  0     2   0   1  2     1    2   6   1  2   0.7691199

             1  0             1  2     1            2  2  -0.0919488

     0   6   1  2     2   0   1  2     1    2   6   1  0   0.5000000

     0   6   1  2     2   0   1  2     1    2   6   1  2  -0.4302420

             1  2             1  2     1            2  2   0.6465805

     0   6   1  2     2   0   1  2     1    2   6   1  3   0.9343532

     0   6   1  2     2   0   1  2     1    2   6   1  4   0.7912657

             1  2             1  2     1            2  4  -0.1187863

     0   6   1  4     2   0   1  2     1    2   6   1  2   0.2091961

             1  4             1  2     1            2  2   0.1756137

     0   6   1  4     2   0   1  2     1    2   6   1  3  -0.3563483

     0   6   1  4     2   0   1  2     1    2   6   1  4  -0.3084667

             1  4             1  2     1            2  4   0.7623221

     0   6   1  4     2   0   1  2     1    2   6   1  5   0.9587450

     0   6   1  4     2   0   1  2     1    2   6   1  6   0.8743520

             1  4             1  2     1            2  6  -0.1829983

     0   6   1  6     2   0   1  2     1    2   6   1  4   0.1511779

             1  6             1  2     1            2  4   0.0569167

     0   6   1  6     2   0   1  2     1    2   6   1  5  -0.2842676

     0   6   1  6     2   0   1  2     1    2   6   1  6  -0.1399404

             1  6             1  2     1            2  6   0.7917584

     0   6   1  6     2   0   1  2     1    2   6   1  7   1.0000000

     0   6   1  6     2   0   1  2     1    2   6   1  8   1.0000000

     0   0   1  0     2   0   1  2     1    2   0   1  2   1.0000000

     0   6   1  0     2   0   1  2     1    0   4   1  2  -0.2390457

     0   6   1  2     2   0   1  2     1    0   4   1  0  -0.8660254

     0   6   1  2     2   0   1  2     1    0   4   1  2  -0.3499271

     0   6   1  2     2   0   1  2     1    0   4   1  4  -0.1649572

     0   6   1  4     2   0   1  2     1    0   4   1  2  -0.7785387

     0   6   1  4     2   0   1  2     1    0   4   1  4  -0.2608203

     0   6   1  6     2   0   1  2     1    0   4   1  4  -0.8796644

