 ((lm1 mu1)al1 L1; (lm2 mu2)al2 L2 || rh (lm3 mu3)al3 L3)
     2   0   1  0     2   0   1  2     1    4   0   1  2   0.6236096

     2   0   1  2     2   0   1  2     1    4   0   1  0   0.6666667

     2   0   1  2     2   0   1  2     1    4   0   1  2  -0.4714045

     2   0   1  2     2   0   1  2     1    4   0   1  4   1.0000000

     2   0   1  0     2   0   1  2     1    0   2   1  2   0.3333333

     2   0   1  2     2   0   1  2     1    0   2   1  0  -0.7453560

     2   0   1  2     2   0   1  2     1    0   2   1  2   0.8819171

