 ((lm1 mu1)al1 L1; (lm2 mu2)al2 L2 || rh (lm3 mu3)al3 L3)
    14   0   1  0     2   0   1  2     1   16   0   1  2   0.4236088

    14   0   1  2     2   0   1  2     1   16   0   1  0   0.7888106

    14   0   1  2     2   0   1  2     1   16   0   1  2  -0.4594683

    14   0   1  2     2   0   1  2     1   16   0   1  4   0.5627314

    14   0   1  4     2   0   1  2     1   16   0   1  2   0.4898979

    14   0   1  4     2   0   1  2     1   16   0   1  4  -0.4264014

    14   0   1  4     2   0   1  2     1   16   0   1  6   0.6497713

    14   0   1  6     2   0   1  2     1   16   0   1  4   0.3892495

    14   0   1  6     2   0   1  2     1   16   0   1  6  -0.4032695

    14   0   1  6     2   0   1  2     1   16   0   1  8   0.7253577

    14   0   1  8     2   0   1  2     1   16   0   1  6   0.3093970

    14   0   1  8     2   0   1  2     1   16   0   1  8  -0.3746343

    14   0   1  8     2   0   1  2     1   16   0   1 10   0.7964914

    14   0   1 10     2   0   1  2     1   16   0   1  8   0.2360668

    14   0   1 10     2   0   1  2     1   16   0   1 10  -0.3365595

    14   0   1 10     2   0   1  2     1   16   0   1 12   0.8654227

    14   0   1 12     2   0   1  2     1   16   0   1 10   0.1653154

    14   0   1 12     2   0   1  2     1   16   0   1 12  -0.2845078

    14   0   1 12     2   0   1  2     1   16   0   1 14   0.9331018

    14   0   1 14     2   0   1  2     1   16   0   1 12   0.0948032

    14   0   1 14     2   0   1  2     1   16   0   1 14  -0.2078699

    14   0   1 14     2   0   1  2     1   16   0   1 16   1.0000000

    14   0   1  0     2   0   1  2     1   12   2   1  2  -0.2200799

             1  0             1  2     1            2  2   0.5891692

    14   0   1  2     2   0   1  2     1   12   2   1  0  -0.6146363

    14   0   1  2     2   0   1  2     1   12   2   1  2   0.3018364

             1  2             1  2     1            2  2   0.7784259

    14   0   1  2     2   0   1  2     1   12   2   1  3  -0.7824608

    14   0   1  2     2   0   1  2     1   12   2   1  4  -0.2186749

             1  2             1  2     1            2  4   0.3883565

    14   0   1  4     2   0   1  2     1   12   2   1  2  -0.4977667

             1  4             1  2     1            2  2   0.2166154

    14   0   1  4     2   0   1  2     1   12   2   1  3  -0.6226998

    14   0   1  4     2   0   1  2     1   12   2   1  4   0.3030336

             1  4             1  2     1            2  4   0.8515372

    14   0   1  4     2   0   1  2     1   12   2   1  5  -0.6741999

    14   0   1  4     2   0   1  2     1   12   2   1  6  -0.1826464

             1  4             1  2     1            2  6   0.2924405

    14   0   1  6     2   0   1  2     1   12   2   1  4  -0.5196521

             1  6             1  2     1            2  4   0.3519959

    14   0   1  6     2   0   1  2     1   12   2   1  5  -0.7385489

    14   0   1  6     2   0   1  2     1   12   2   1  6   0.3250013

             1  6             1  2     1            2  6   0.8485633

    14   0   1  6     2   0   1  2     1   12   2   1  7  -0.5855400

    14   0   1  6     2   0   1  2     1   12   2   1  8  -0.1389043

             1  6             1  2     1            2  8   0.2206342

    14   0   1  8     2   0   1  2     1   12   2   1  6  -0.5534116

             1  8             1  2     1            2  6   0.4400153

    14   0   1  8     2   0   1  2     1   12   2   1  7  -0.8106435

    14   0   1  8     2   0   1  2     1   12   2   1  8   0.3608590

             1  8             1  2     1            2  8   0.8254148

    14   0   1  8     2   0   1  2     1   12   2   1  9  -0.4981168

    14   0   1  8     2   0   1  2     1   12   2   1 10  -0.0923783

             1  8             1  2     1            2 10   0.1573651

    14   0   1 10     2   0   1  2     1   12   2   1  8  -0.5875364

             1 10             1  2     1            2  8   0.5170704

    14   0   1 10     2   0   1  2     1   12   2   1  9  -0.8671100

    14   0   1 10     2   0   1  2     1   12   2   1 10   0.4141281

             1 10             1  2     1            2 10   0.7838907

    14   0   1 10     2   0   1  2     1   12   2   1 11  -0.4018590

    14   0   1 10     2   0   1  2     1   12   2   1 12  -0.0446759

             1 10             1  2     1            2 12   0.0960931

    14   0   1 12     2   0   1  2     1   12   2   1 10  -0.6160539

             1 12             1  2     1            2 10   0.5946211

    14   0   1 12     2   0   1  2     1   12   2   1 11  -0.9157015

    14   0   1 12     2   0   1  2     1   12   2   1 12   0.4969552

             1 12             1  2     1            2 12   0.7106892

    14   0   1 12     2   0   1  2     1   12   2   1 13  -0.2817181

    14   0   1 12     2   0   1  2     1   12   2   1 14   0.0187812

    14   0   1 14     2   0   1  2     1   12   2   1 12  -0.6282379

             1 14             1  2     1            2 12   0.6836963

    14   0   1 14     2   0   1  2     1   12   2   1 13  -0.9594972

    14   0   1 14     2   0   1  2     1   12   2   1 14   0.8430649

    10   2   1  0     2   0   1  2     1   12   2   1  2   0.4384021

             1  0             1  2     1            2  2  -0.0033772

    10   2   1  2     2   0   1  2     1   12   2   1  0   0.7812620

             2  2             1  2     1            1  0   0.0043996

    10   2   1  2     2   0   1  2     1   12   2   1  2  -0.4637766

             1  2             1  2     1            2  2   0.0084427

             2  2             1  2     1            1  2  -0.0045496

             2  2             1  2     1            2  2   0.4691891

    10   2   1  2     2   0   1  2     1   12   2   1  3   0.0060467

             2  2             1  2     1            1  3   0.5825026

    10   2   1  2     2   0   1  2     1   12   2   1  4   0.5947226

             1  2             1  2     1            2  4  -0.0143417

             2  2             1  2     1            1  4  -0.0030816

             2  2             1  2     1            2  4   0.3874842

    10   2   1  3     2   0   1  2     1   12   2   1  2   0.0022690

             1  3             1  2     1            2  2  -0.5492744

    10   2   1  3     2   0   1  2     1   12   2   1  3   0.0000000

    10   2   1  3     2   0   1  2     1   12   2   1  4  -0.0085182

             1  3             1  2     1            2  4   0.5133753

    10   2   1  3     2   0   1  2     1   12   2   1  5   0.5195269

    10   2   1  4     2   0   1  2     1   12   2   1  2   0.4650373

             1  4             1  2     1            2  2   0.0092569

             2  4             1  2     1            1  2   0.0094076

             2  4             1  2     1            2  2   0.3046500

    10   2   1  4     2   0   1  2     1   12   2   1  3  -0.0180355

             2  4             1  2     1            1  3  -0.4280473

    10   2   1  4     2   0   1  2     1   12   2   1  4  -0.4237941

             1  4             1  2     1            2  4   0.0058525

             2  4             1  2     1            1  4  -0.0068723

             2  4             1  2     1            2  4  -0.1714501

    10   2   1  4     2   0   1  2     1   12   2   1  5   0.0185507

             2  4             1  2     1            1  5   0.4402763

    10   2   1  4     2   0   1  2     1   12   2   1  6   0.6980541

             1  4             1  2     1            2  6  -0.0237222

             2  4             1  2     1            1  6  -0.0072165

             2  4             1  2     1            2  6   0.6089770

    10   2   1  5     2   0   1  2     1   12   2   1  3   0.3241150

    10   2   1  5     2   0   1  2     1   12   2   1  4   0.0054661

             1  5             1  2     1            2  4  -0.3294272

    10   2   1  5     2   0   1  2     1   12   2   1  5  -0.2478188

    10   2   1  5     2   0   1  2     1   12   2   1  6  -0.0145604

             1  5             1  2     1            2  6   0.3821153

    10   2   1  5     2   0   1  2     1   12   2   1  7   0.6786796

    10   2   1  6     2   0   1  2     1   12   2   1  4   0.3477124

             1  6             1  2     1            2  4   0.0194966

             2  6             1  2     1            1  4   0.0137333

             2  6             1  2     1            2  4   0.3054708

    10   2   1  6     2   0   1  2     1   12   2   1  5  -0.0253194

             2  6             1  2     1            1  5  -0.2561807

    10   2   1  6     2   0   1  2     1   12   2   1  6  -0.3893190

             1  6             1  2     1            2  6  -0.0003498

             2  6             1  2     1            1  6  -0.0103122

             2  6             1  2     1            2  6  -0.2813458

    10   2   1  6     2   0   1  2     1   12   2   1  7   0.0329336

             2  6             1  2     1            1  7   0.3332215

    10   2   1  6     2   0   1  2     1   12   2   1  8   0.7892488

             1  6             1  2     1            2  8  -0.0327834

             2  6             1  2     1            1  8  -0.0111097

             2  6             1  2     1            2  8   0.7405208

    10   2   1  7     2   0   1  2     1   12   2   1  5   0.2748833

    10   2   1  7     2   0   1  2     1   12   2   1  6   0.0076709

             1  7             1  2     1            2  6  -0.2013096

    10   2   1  7     2   0   1  2     1   12   2   1  7  -0.2937252

    10   2   1  7     2   0   1  2     1   12   2   1  8  -0.0214571

             1  7             1  2     1            2  8   0.2963399

    10   2   1  7     2   0   1  2     1   12   2   1  9   0.7937178

    10   2   1  8     2   0   1  2     1   12   2   1  6   0.2514940

             1  8             1  2     1            2  6   0.0289336

             2  8             1  2     1            1  6   0.0181048

             2  8             1  2     1            2  6   0.2368972

    10   2   1  8     2   0   1  2     1   12   2   1  7  -0.0307896

             2  8             1  2     1            1  7  -0.1569752

    10   2   1  8     2   0   1  2     1   12   2   1  8  -0.3428786

             1  8             1  2     1            2  8  -0.0109909

             2  8             1  2     1            1  8  -0.0160413

             2  8             1  2     1            2  8  -0.2882757

    10   2   1  8     2   0   1  2     1   12   2   1  9   0.0507667

             2  8             1  2     1            1  9   0.2588255

    10   2   1  8     2   0   1  2     1   12   2   1 10   0.8748908

             1  8             1  2     1            2 10  -0.0417014

             2  8             1  2     1            1 10  -0.0148771

             2  8             1  2     1            2 10   0.8482106

    10   2   1  9     2   0   1  2     1   12   2   1  7   0.1991266

    10   2   1  9     2   0   1  2     1   12   2   1  8   0.0088759

             1  9             1  2     1            2  8  -0.1225827

    10   2   1  9     2   0   1  2     1   12   2   1  9  -0.2761383

    10   2   1  9     2   0   1  2     1   12   2   1 10  -0.0300144

             1  9             1  2     1            2 10   0.2351212

    10   2   1  9     2   0   1  2     1   12   2   1 11   0.8933706

    10   2   1 10     2   0   1  2     1   12   2   1  8   0.1619949

             1 10             1  2     1            2  8   0.0387563

             2 10             1  2     1            1  8   0.0230237

             2 10             1  2     1            2  8   0.1541725

    10   2   1 10     2   0   1  2     1   12   2   1  9  -0.0348064

             2 10             1  2     1            1  9  -0.0905077

    10   2   1 10     2   0   1  2     1   12   2   1 10  -0.2757142

             1 10             1  2     1            2 10  -0.0306032

             2 10             1  2     1            1 10  -0.0269692

             2 10             1  2     1            2 10  -0.2431265

    10   2   1 10     2   0   1  2     1   12   2   1 11   0.0756136

             2 10             1  2     1            1 11   0.1966193

    10   2   1 10     2   0   1  2     1   12   2   1 12   0.9559719

             1 10             1  2     1            2 12  -0.0500808

             2 10             1  2     1            1 12  -0.0185767

             2 10             1  2     1            2 12   0.9481008

    10   2   1 11     2   0   1  2     1   12   2   1  9   0.1159391

    10   2   1 11     2   0   1  2     1   12   2   1 10   0.0084619

             1 11             1  2     1            2 10  -0.0662874

    10   2   1 11     2   0   1  2     1   12   2   1 11  -0.2132520

    10   2   1 11     2   0   1  2     1   12   2   1 12  -0.0419439

             1 11             1  2     1            2 12   0.1853631

    10   2   1 11     2   0   1  2     1   12   2   1 13   0.9860133

    10   2   1 12     2   0   1  2     1   12   2   1 10   0.0791842

             1 12             1  2     1            2 10   0.0750560

    10   2   1 12     2   0   1  2     1   12   2   1 11  -0.0510728

    10   2   1 12     2   0   1  2     1   12   2   1 12  -0.1704797

             1 12             1  2     1            2 12  -0.1335683

    10   2   1 12     2   0   1  2     1   12   2   1 13   0.1666667

    10   2   1 12     2   0   1  2     1   12   2   1 14   1.0000000

    10   2   1  0     2   0   1  2     1   10   0   1  2  -0.1259882

    10   2   1  2     2   0   1  2     1   10   0   1  0  -0.3583345

             2  2             1  2     1            1  0  -0.8156269

    10   2   1  2     2   0   1  2     1   10   0   1  2   0.1723163

             2  2             1  2     1            1  2  -0.3859043

    10   2   1  2     2   0   1  2     1   10   0   1  4  -0.1239989

             2  2             1  2     1            1  4  -0.0454659

    10   2   1  3     2   0   1  2     1   10   0   1  2  -0.5741693

    10   2   1  3     2   0   1  2     1   10   0   1  4  -0.1976665

    10   2   1  4     2   0   1  2     1   10   0   1  2  -0.2954925

             2  4             1  2     1            1  2  -0.4310911

    10   2   1  4     2   0   1  2     1   10   0   1  4   0.1681569

             2  4             1  2     1            1  4  -0.4214411

    10   2   1  4     2   0   1  2     1   10   0   1  6  -0.1023577

             2  4             1  2     1            1  6  -0.0558989

    10   2   1  5     2   0   1  2     1   10   0   1  4  -0.5390717

    10   2   1  5     2   0   1  2     1   10   0   1  6  -0.2014319

    10   2   1  6     2   0   1  2     1   10   0   1  4  -0.3165496

             2  6             1  2     1            1  4  -0.3907104

    10   2   1  6     2   0   1  2     1   10   0   1  6   0.1727544

             2  6             1  2     1            1  6  -0.4190934

    10   2   1  6     2   0   1  2     1   10   0   1  8  -0.0759253

             2  6             1  2     1            1  8  -0.0449559

    10   2   1  7     2   0   1  2     1   10   0   1  6  -0.5376760

    10   2   1  7     2   0   1  2     1   10   0   1  8  -0.1761471

    10   2   1  8     2   0   1  2     1   10   0   1  6  -0.3502531

             2  8             1  2     1            1  6  -0.3845244

    10   2   1  8     2   0   1  2     1   10   0   1  8   0.1813169

             2  8             1  2     1            1  8  -0.4071543

    10   2   1  8     2   0   1  2     1   10   0   1 10  -0.0463116

             2  8             1  2     1            1 10  -0.0263059

    10   2   1  9     2   0   1  2     1   10   0   1  8  -0.5464820

    10   2   1  9     2   0   1  2     1   10   0   1 10  -0.1294031

    10   2   1 10     2   0   1  2     1   10   0   1  8  -0.3957084

             2 10             1  2     1            1  8  -0.3806774

    10   2   1 10     2   0   1  2     1   10   0   1 10   0.1941504

             2 10             1  2     1            1 10  -0.3879025

    10   2   1 11     2   0   1  2     1   10   0   1 10  -0.5593971

    10   2   1 12     2   0   1  2     1   10   0   1 10  -0.5832118

    10   2   1  0     2   0   1  2     1    8   4   1  2  -0.1667459

             1  0             1  2     1            2  2   0.4051111

    10   2   1  2     2   0   1  2     1    8   4   1  0  -0.5111029

             2  2             1  2     1            1  0   0.5785615

    10   2   1  2     2   0   1  2     1    8   4   1  2   0.2466054

             1  2             1  2     1            2  2   0.5544971

             2  2             1  2     1            1  2   0.2602406

             2  2             1  2     1            2  2  -0.2092643

    10   2   1  2     2   0   1  2     1    8   4   1  3  -0.5349749

             2  2             1  2     1            1  3  -0.1961559

    10   2   1  2     2   0   1  2     1    8   4   1  4  -0.1486653

             1  2             1  2     1            2  4   0.2480004

             1  2             1  2     1            3  4   0.0005951

             2  2             1  2     1            1  4   0.0258547

             2  2             1  2     1            2  4  -0.0797576

             2  2             1  2     1            3  4   0.6744026

    10   2   1  3     2   0   1  2     1    8   4   1  2   0.4057014

             1  3             1  2     1            2  2   0.3147105

    10   2   1  3     2   0   1  2     1    8   4   1  3   0.0000000

    10   2   1  3     2   0   1  2     1    8   4   1  4   0.1212031

             1  3             1  2     1            2  4  -0.1710204

             1  3             1  2     1            3  4  -0.5744573

    10   2   1  3     2   0   1  2     1    8   4   1  5  -0.0817558

             1  3             1  2     1            2  5   0.5001755

    10   2   1  4     2   0   1  2     1    8   4   1  2  -0.4286596

             1  4             1  2     1            2  2   0.1645465

             2  4             1  2     1            1  2   0.3215192

             2  4             1  2     1            2  2  -0.2419258

    10   2   1  4     2   0   1  2     1    8   4   1  3  -0.4600620

             2  4             1  2     1            1  3   0.2828979

    10   2   1  4     2   0   1  2     1    8   4   1  4   0.2614585

             1  4             1  2     1            2  4   0.5996811

             1  4             1  2     1            3  4   0.0010835

             2  4             1  2     1            1  4   0.2800457

             2  4             1  2     1            2  4   0.0767575

             2  4             1  2     1            3  4   0.4008132

    10   2   1  4     2   0   1  2     1    8   4   1  5  -0.4385247

             1  4             1  2     1            2  5  -0.0020846

             2  4             1  2     1            1  5  -0.1417096

             2  4             1  2     1            2  5  -0.5993166

    10   2   1  4     2   0   1  2     1    8   4   1  6  -0.1028054

             1  4             1  2     1            2  6   0.1655836

             1  4             1  2     1            3  6   0.0018231

             2  4             1  2     1            1  6   0.0254266

             2  4             1  2     1            2  6  -0.0723853

             2  4             1  2     1            3  6   0.3867008

    10   2   1  5     2   0   1  2     1    8   4   1  3  -0.3045115

    10   2   1  5     2   0   1  2     1    8   4   1  4   0.3887039

             1  5             1  2     1            2  4   0.2370868

             1  5             1  2     1            3  4  -0.2187480

    10   2   1  5     2   0   1  2     1    8   4   1  5   0.1376031

             1  5             1  2     1            2  5   0.5148993

    10   2   1  5     2   0   1  2     1    8   4   1  6   0.1116675

             1  5             1  2     1            2  6  -0.1337913

             1  5             1  2     1            3  6  -0.5693818

    10   2   1  5     2   0   1  2     1    8   4   1  7  -0.0535608

             1  5             1  2     1            2  7   0.3030454

    10   2   1  6     2   0   1  2     1    8   4   1  4  -0.4558694

             1  6             1  2     1            2  4   0.2733186

             1  6             1  2     1            3  4   0.0003020

             2  6             1  2     1            1  4   0.3047813

             2  6             1  2     1            2  4  -0.3578801

             2  6             1  2     1            3  4   0.0811958

    10   2   1  6     2   0   1  2     1    8   4   1  5  -0.5501603

             1  6             1  2     1            2  5  -0.0016185

             2  6             1  2     1            1  5   0.2285393

             2  6             1  2     1            2  5  -0.3267527

    10   2   1  6     2   0   1  2     1    8   4   1  6   0.3039203

             1  6             1  2     1            2  6   0.5836175

             1  6             1  2     1            3  6   0.0039629

             2  6             1  2     1            1  6   0.2700388

             2  6             1  2     1            2  6   0.1542232

             2  6             1  2     1            3  6   0.5703424

    10   2   1  6     2   0   1  2     1    8   4   1  7  -0.3504370

             1  6             1  2     1            2  7  -0.0054254

             2  6             1  2     1            1  7  -0.1155354

             2  6             1  2     1            2  7  -0.5235225

    10   2   1  6     2   0   1  2     1    8   4   1  8  -0.0515553

             1  6             1  2     1            2  8   0.0985899

             1  6             1  2     1            3  8   0.0039630

             2  6             1  2     1            1  8   0.0102966

             2  6             1  2     1            2  8  -0.0338778

             2  6             1  2     1            3  8   0.2356718

    10   2   1  7     2   0   1  2     1    8   4   1  5  -0.3791978

             1  7             1  2     1            2  5   0.1356850

    10   2   1  7     2   0   1  2     1    8   4   1  6   0.3945543

             1  7             1  2     1            2  6   0.1788310

             1  7             1  2     1            3  6  -0.4067472

    10   2   1  7     2   0   1  2     1    8   4   1  7   0.2115444

             1  7             1  2     1            2  7   0.5958017

    10   2   1  7     2   0   1  2     1    8   4   1  8   0.0794704

             1  7             1  2     1            2  8  -0.1241666

             1  7             1  2     1            3  8  -0.4695475

    10   2   1  7     2   0   1  2     1    8   4   1  9  -0.0117897

             1  7             1  2     1            2  9   0.1777491

    10   2   1  8     2   0   1  2     1    8   4   1  6  -0.4856213

             1  8             1  2     1            2  6   0.3465531

             1  8             1  2     1            3  6   0.0010441

             2  8             1  2     1            1  6   0.3141406

             2  8             1  2     1            2  6  -0.4359644

             2  8             1  2     1            3  6   0.1860403

    10   2   1  8     2   0   1  2     1    8   4   1  7  -0.6056768

             1  8             1  2     1            2  7  -0.0044583

             2  8             1  2     1            1  7   0.2024213

             2  8             1  2     1            2  7  -0.4722574

    10   2   1  8     2   0   1  2     1    8   4   1  8   0.3759516

             1  8             1  2     1            2  8   0.5382107

             1  8             1  2     1            3  8   0.0100975

             2  8             1  2     1            1  8   0.2443339

             2  8             1  2     1            2  8   0.2107970

             2  8             1  2     1            3  8   0.6041197

    10   2   1  8     2   0   1  2     1    8   4   1  9  -0.2517642

             1  8             1  2     1            2  9  -0.0128183

             2  8             1  2     1            1  9  -0.1163606

             2  8             1  2     1            2  9  -0.4090192

    10   2   1  8     2   0   1  2     1    8   4   1 10   0.0191061

             1  8             1  2     1            2 10   0.0169727

             2  8             1  2     1            1 10   0.0129647

             2  8             1  2     1            2 10   0.1214665

    10   2   1  9     2   0   1  2     1    8   4   1  7  -0.4314503

             1  9             1  2     1            2  7   0.2324795

    10   2   1  9     2   0   1  2     1    8   4   1  8   0.4087919

             1  9             1  2     1            2  8   0.1228077

             1  9             1  2     1            3  8  -0.5239028

    10   2   1  9     2   0   1  2     1    8   4   1  9   0.2922160

             1  9             1  2     1            2  9   0.5946739

    10   2   1  9     2   0   1  2     1    8   4   1 10  -0.0830555

             1  9             1  2     1            2 10  -0.3550677

    10   2   1  9     2   0   1  2     1    8   4   1 11   0.0743329

    10   2   1 10     2   0   1  2     1    8   4   1  8  -0.4996170

             1 10             1  2     1            2  8   0.4078495

             1 10             1  2     1            3  8   0.0015439

             2 10             1  2     1            1  8   0.3297839

             2 10             1  2     1            2  8  -0.5177362

             2 10             1  2     1            3  8   0.2835048

    10   2   1 10     2   0   1  2     1    8   4   1  9  -0.6444239

             1 10             1  2     1            2  9  -0.0102070

             2 10             1  2     1            1  9   0.1924777

             2 10             1  2     1            2  9  -0.5765967

    10   2   1 10     2   0   1  2     1    8   4   1 10   0.6614239

             1 10             1  2     1            2 10  -0.0012467

             2 10             1  2     1            1 10   0.3724496

             2 10             1  2     1            2 10   0.5541954

    10   2   1 10     2   0   1  2     1    8   4   1 11  -0.1090515

             2 10             1  2     1            1 11  -0.2835684

    10   2   1 10     2   0   1  2     1    8   4   1 12   0.0132635

             2 10             1  2     1            1 12   0.0344893

    10   2   1 11     2   0   1  2     1    8   4   1  9  -0.4691521

             1 11             1  2     1            2  9   0.3272985

    10   2   1 11     2   0   1  2     1    8   4   1 10   0.3195872

             1 11             1  2     1            2 10  -0.6727192

    10   2   1 11     2   0   1  2     1    8   4   1 11   0.6653864

    10   2   1 11     2   0   1  2     1    8   4   1 12  -0.1795311

    10   2   1 12     2   0   1  2     1    8   4   1 10  -0.1281510

             1 12             1  2     1            2 10   0.2697532

    10   2   1 12     2   0   1  2     1    8   4   1 11  -0.5918964

    10   2   1 12     2   0   1  2     1    8   4   1 12   0.8328721

     8   0   1  0     2   0   1  2     1   10   0   1  2   0.4602737

     8   0   1  2     2   0   1  2     1   10   0   1  0   0.7698004

     8   0   1  2     2   0   1  2     1   10   0   1  2  -0.4691544

     8   0   1  2     2   0   1  2     1   10   0   1  4   0.6424161

     8   0   1  4     2   0   1  2     1   10   0   1  2   0.4276180

     8   0   1  4     2   0   1  2     1   10   0   1  4  -0.4161252

     8   0   1  4     2   0   1  2     1   10   0   1  6   0.7709770

     8   0   1  6     2   0   1  2     1   10   0   1  4   0.2842676

     8   0   1  6     2   0   1  2     1   10   0   1  6  -0.3580719

     8   0   1  6     2   0   1  2     1   10   0   1  8   0.8877771

     8   0   1  8     2   0   1  2     1   10   0   1  6   0.1597719

     8   0   1  8     2   0   1  2     1   10   0   1  8  -0.2666667

     8   0   1  8     2   0   1  2     1   10   0   1 10   1.0000000

     8   0   1  0     2   0   1  2     1    6   2   1  2  -0.1899222

             1  0             1  2     1            2  2   0.5586392

     8   0   1  2     2   0   1  2     1    6   2   1  0  -0.6382847

     8   0   1  2     2   0   1  2     1    6   2   1  2   0.3018837

             1  2             1  2     1            2  2   0.7902371

     8   0   1  2     2   0   1  2     1    6   2   1  3  -0.7319251

     8   0   1  2     2   0   1  2     1    6   2   1  4  -0.1491388

             1  2             1  2     1            2  4   0.3174484

     8   0   1  4     2   0   1  2     1    6   2   1  2  -0.5550441

             1  4             1  2     1            2  2   0.2517035

     8   0   1  4     2   0   1  2     1    6   2   1  3  -0.6813851

     8   0   1  4     2   0   1  2     1    6   2   1  4   0.3356287

             1  4             1  2     1            2  4   0.8418919

     8   0   1  4     2   0   1  2     1    6   2   1  5  -0.5640761

     8   0   1  4     2   0   1  2     1    6   2   1  6  -0.0737364

             1  4             1  2     1            2  6   0.1817264

     8   0   1  6     2   0   1  2     1    6   2   1  4  -0.6055395

             1  6             1  2     1            2  4   0.4346003

     8   0   1  6     2   0   1  2     1    6   2   1  5  -0.8257228

     8   0   1  6     2   0   1  2     1    6   2   1  6   0.4239725

             1  6             1  2     1            2  6   0.7863812

     8   0   1  6     2   0   1  2     1    6   2   1  7  -0.3872983

     8   0   1  6     2   0   1  2     1    6   2   1  8   0.0430331

     8   0   1  8     2   0   1  2     1    6   2   1  6  -0.6526621

             1  8             1  2     1            2  6   0.5824726

     8   0   1  8     2   0   1  2     1    6   2   1  7  -0.9219544

     8   0   1  8     2   0   1  2     1    6   2   1  8   0.8595865

     6   4   1  0     2   0   1  2     1    8   4   1  2   0.4662256

             1  0             1  2     1            2  2  -0.0096964

     6   4   1  2     2   0   1  2     1    8   4   1  0   0.7662012

             2  2             1  2     1            1  0   0.0154047

     6   4   1  2     2   0   1  2     1    8   4   1  2  -0.4701539

             1  2             1  2     1            2  2   0.0247046

             2  2             1  2     1            1  2  -0.0157730

             2  2             1  2     1            2  2   0.4807157

     6   4   1  2     2   0   1  2     1    8   4   1  3   0.0191498

             2  2             1  2     1            1  3   0.6163063

     6   4   1  2     2   0   1  2     1    8   4   1  4   0.6544357

             1  2             1  2     1            2  4  -0.0426534

             1  2             1  2     1            3  4   0.0006312

             2  2             1  2     1            1  4  -0.0102369

             2  2             1  2     1            2  4   0.4299053

             2  2             1  2     1            3  4  -0.0112504

     6   4   1  3     2   0   1  2     1    8   4   1  2   0.0070514

             1  3             1  2     1            2  2  -0.5357595

     6   4   1  3     2   0   1  2     1    8   4   1  3   0.0000000

     6   4   1  3     2   0   1  2     1    8   4   1  4  -0.0295290

             1  3             1  2     1            2  4   0.5437180

             1  3             1  2     1            3  4  -0.0142165

     6   4   1  3     2   0   1  2     1    8   4   1  5   0.5830386

             1  3             1  2     1            2  5  -0.0312270

     6   4   1  4     2   0   1  2     1    8   4   1  2   0.4171889

             1  4             1  2     1            2  2   0.0280106

             2  4             1  2     1            1  2   0.0323264

             2  4             1  2     1            2  2   0.2766543

             3  4             1  2     1            1  2   0.0001923

             3  4             1  2     1            2  2   0.0076648

     6   4   1  4     2   0   1  2     1    8   4   1  3  -0.0532505

             2  4             1  2     1            1  3  -0.4025328

             3  4             1  2     1            1  3  -0.0111310

     6   4   1  4     2   0   1  2     1    8   4   1  4  -0.4125826

             1  4             1  2     1            2  4   0.0129244

             1  4             1  2     1            3  4   0.0009320

             2  4             1  2     1            1  4  -0.0264086

             2  4             1  2     1            2  4  -0.1671453

             2  4             1  2     1            3  4   0.0291229

             3  4             1  2     1            1  4   0.0003655

             3  4             1  2     1            2  4  -0.0156963

             3  4             1  2     1            3  4   0.6350654

     6   4   1  4     2   0   1  2     1    8   4   1  5   0.0609678

             1  4             1  2     1            2  5  -0.0022941

             2  4             1  2     1            1  5   0.4602389

             2  4             1  2     1            2  5   0.0002580

             3  4             1  2     1            1  5  -0.0102002

             3  4             1  2     1            2  5   0.6398661

     6   4   1  4     2   0   1  2     1    8   4   1  6   0.7862107

             1  4             1  2     1            2  6  -0.0708674

             1  4             1  2     1            3  6   0.0023440

             2  4             1  2     1            1  6  -0.0238119

             2  4             1  2     1            2  6   0.6945296

             2  4             1  2     1            3  6  -0.0474416

             3  4             1  2     1            1  6   0.0000844

             3  4             1  2     1            2  6  -0.0035938

             3  4             1  2     1            3  6   0.3723933

     6   4   1  5     2   0   1  2     1    8   4   1  3   0.2771121

             2  5             1  2     1            1  3   0.0164107

     6   4   1  5     2   0   1  2     1    8   4   1  4   0.0160562

             1  5             1  2     1            2  4  -0.2954443

             1  5             1  2     1            3  4  -0.0268196

             2  5             1  2     1            1  4   0.0006844

             2  5             1  2     1            2  4  -0.0101693

             2  5             1  2     1            3  4  -0.4234991

     6   4   1  5     2   0   1  2     1    8   4   1  5  -0.2367323

             1  5             1  2     1            2  5   0.0335284

             2  5             1  2     1            1  5  -0.0231570

             2  5             1  2     1            2  5   0.2570031

     6   4   1  5     2   0   1  2     1    8   4   1  6  -0.0524662

             1  5             1  2     1            2  6   0.4007173

             1  5             1  2     1            3  6   0.0184942

             2  5             1  2     1            1  6   0.0005900

             2  5             1  2     1            2  6  -0.0172031

             2  5             1  2     1            3  6   0.6640312

     6   4   1  5     2   0   1  2     1    8   4   1  7   0.7769075

             1  5             1  2     1            2  7  -0.0614479

             2  5             1  2     1            1  7  -0.0062277

             2  5             1  2     1            2  7   0.5491066

     6   4   1  6     2   0   1  2     1    8   4   1  4   0.2686218

             1  6             1  2     1            2  4   0.0598591

             1  6             1  2     1            3  4   0.0000012

             2  6             1  2     1            1  4   0.0480559

             2  6             1  2     1            2  4   0.2360982

             2  6             1  2     1            3  4   0.0137304

             3  6             1  2     1            1  4   0.0003661

             3  6             1  2     1            2  4   0.0230178

             3  6             1  2     1            3  4   0.1405397

     6   4   1  6     2   0   1  2     1    8   4   1  5  -0.0736739

             1  6             1  2     1            2  5  -0.0008038

             2  6             1  2     1            1  5  -0.2124336

             2  6             1  2     1            2  5  -0.0422100

             3  6             1  2     1            1  5  -0.0091060

             3  6             1  2     1            2  5  -0.3786596

     6   4   1  6     2   0   1  2     1    8   4   1  6  -0.3464982

             1  6             1  2     1            2  6  -0.0166651

             1  6             1  2     1            3  6   0.0042018

             2  6             1  2     1            1  6  -0.0458791

             2  6             1  2     1            2  6  -0.2467515

             2  6             1  2     1            3  6   0.0302711

             3  6             1  2     1            1  6   0.0017647

             3  6             1  2     1            2  6  -0.0308939

             3  6             1  2     1            3  6   0.0590077

     6   4   1  6     2   0   1  2     1    8   4   1  7   0.1153630

             1  6             1  2     1            2  7  -0.0080235

             2  6             1  2     1            1  7   0.3286712

             2  6             1  2     1            2  7   0.0423917

             3  6             1  2     1            1  7  -0.0234141

             3  6             1  2     1            2  7   0.6208308

     6   4   1  6     2   0   1  2     1    8   4   1  8   0.9002724

             1  6             1  2     1            2  8  -0.0971835

             1  6             1  2     1            3  8   0.0063383

             2  6             1  2     1            1  8  -0.0361327

             2  6             1  2     1            2  8   0.8651363

             2  6             1  2     1            3  8  -0.0775937

             3  6             1  2     1            1  8   0.0003601

             3  6             1  2     1            2  8  -0.0088903

             3  6             1  2     1            3  8   0.6838795

     6   4   1  7     2   0   1  2     1    8   4   1  5   0.1910868

             1  7             1  2     1            2  5   0.0244583

             2  7             1  2     1            1  5   0.0288885

             2  7             1  2     1            2  5   0.1505508

     6   4   1  7     2   0   1  2     1    8   4   1  6   0.0200441

             1  7             1  2     1            2  6  -0.1521767

             1  7             1  2     1            3  6  -0.0548056

             2  7             1  2     1            1  6   0.0019692

             2  7             1  2     1            2  6  -0.0093461

             2  7             1  2     1            3  6  -0.2985721

     6   4   1  7     2   0   1  2     1    8   4   1  7  -0.2473182

             1  7             1  2     1            2  7   0.0222778

             2  7             1  2     1            1  7  -0.0395341

             2  7             1  2     1            2  7  -0.0450636

     6   4   1  7     2   0   1  2     1    8   4   1  8  -0.0825794

             1  7             1  2     1            2  8   0.3042990

             1  7             1  2     1            3  8   0.0664798

             2  7             1  2     1            1  8   0.0023158

             2  7             1  2     1            2  8  -0.0309823

             2  7             1  2     1            3  8   0.5585448

     6   4   1  7     2   0   1  2     1    8   4   1  9   0.9189272

             1  7             1  2     1            2  9  -0.0895295

             2  7             1  2     1            1  9  -0.0104263

             2  7             1  2     1            2  9   0.7967453

     6   4   1  8     2   0   1  2     1    8   4   1  6   0.1547919

             1  8             1  2     1            2  6   0.1462859

             1  8             1  2     1            3  6   0.0315961

             2  8             1  2     1            1  6  -0.0214042

             2  8             1  2     1            2  6   0.0369807

             2  8             1  2     1            3  6   0.1279746

     6   4   1  8     2   0   1  2     1    8   4   1  7  -0.1257903

             1  8             1  2     1            2  7  -0.0589354

             2  8             1  2     1            1  7  -0.0088439

             2  8             1  2     1            2  7  -0.2178876

     6   4   1  8     2   0   1  2     1    8   4   1  8  -0.2477476

             1  8             1  2     1            2  8  -0.1710221

             1  8             1  2     1            3  8   0.0055190

             2  8             1  2     1            1  8   0.0470585

             2  8             1  2     1            2  8  -0.0694673

             2  8             1  2     1            3  8  -0.0880238

     6   4   1  8     2   0   1  2     1    8   4   1  9   0.2758724

             1  8             1  2     1            2  9   0.0847928

             2  8             1  2     1            1  9  -0.0392004

             2  8             1  2     1            2  9   0.4893878

     6   4   1  8     2   0   1  2     1    8   4   1 10   0.9197108

             1  8             1  2     1            2 10  -0.0717238

             2  8             1  2     1            1 10  -0.0052294

             2  8             1  2     1            2 10   0.8908427

     6   4   1  9     2   0   1  2     1    8   4   1  7   0.0843145

             1  9             1  2     1            2  7   0.0953155

     6   4   1  9     2   0   1  2     1    8   4   1  8   0.0148962

             1  9             1  2     1            2  8  -0.0492607

             1  9             1  2     1            3  8  -0.1525581

     6   4   1  9     2   0   1  2     1    8   4   1  9  -0.1589200

             1  9             1  2     1            2  9  -0.0782112

     6   4   1  9     2   0   1  2     1    8   4   1 10   0.0384029

             1  9             1  2     1            2 10   0.4210461

     6   4   1  9     2   0   1  2     1    8   4   1 11   0.9486833

     6   4   1 10     2   0   1  2     1    8   4   1  8   0.0798874

             1 10             1  2     1            2  8   0.0855015

             1 10             1  2     1            3  8   0.0503741

     6   4   1 10     2   0   1  2     1    8   4   1  9  -0.0699989

             1 10             1  2     1            2  9  -0.0802258

     6   4   1 10     2   0   1  2     1    8   4   1 10  -0.2208588

             1 10             1  2     1            2 10  -0.0231730

     6   4   1 10     2   0   1  2     1    8   4   1 11   0.3162278

     6   4   1 10     2   0   1  2     1    8   4   1 12   1.0000000

     6   4   1  0     2   0   1  2     1    6   2   1  2  -0.1342503

             1  0             1  2     1            2  2  -0.1819010

     6   4   1  2     2   0   1  2     1    6   2   1  0  -0.3990113

             2  2             1  2     1            1  0  -0.7722341

     6   4   1  2     2   0   1  2     1    6   2   1  2   0.1858793

             1  2             1  2     1            2  2  -0.2498880

             2  2             1  2     1            1  2  -0.3585893

             2  2             1  2     1            2  2  -0.1578723

     6   4   1  2     2   0   1  2     1    6   2   1  3   0.2408417

             2  2             1  2     1            1  3  -0.1574405

     6   4   1  2     2   0   1  2     1    6   2   1  4  -0.1273742

             1  2             1  2     1            2  4  -0.1116653

             2  2             1  2     1            1  4  -0.0397695

             2  2             1  2     1            2  4  -0.0657345

     6   4   1  3     2   0   1  2     1    6   2   1  2  -0.5422827

             1  3             1  2     1            2  2   0.2459165

     6   4   1  3     2   0   1  2     1    6   2   1  3   0.0000000

     6   4   1  3     2   0   1  2     1    6   2   1  4  -0.1765804

             1  3             1  2     1            2  4  -0.1284373

     6   4   1  3     2   0   1  2     1    6   2   1  5  -0.0721569

     6   4   1  4     2   0   1  2     1    6   2   1  2  -0.3399557

             1  4             1  2     1            2  2  -0.0746274

             2  4             1  2     1            1  2  -0.4133579

             2  4             1  2     1            2  2  -0.1839357

             3  4             1  2     1            1  2  -0.0010908

             3  4             1  2     1            2  2  -0.7731746

     6   4   1  4     2   0   1  2     1    6   2   1  3   0.2096203

             2  4             1  2     1            1  3   0.2042695

             3  4             1  2     1            1  3  -0.4190847

     6   4   1  4     2   0   1  2     1    6   2   1  4   0.1758170

             1  4             1  2     1            2  4  -0.2728504

             2  4             1  2     1            1  4  -0.3877296

             2  4             1  2     1            2  4   0.0794946

             3  4             1  2     1            1  4  -0.0014806

             3  4             1  2     1            2  4  -0.1690081

     6   4   1  4     2   0   1  2     1    6   2   1  5   0.1978930

             2  4             1  2     1            1  5  -0.1161847

             3  4             1  2     1            1  5  -0.0443572

     6   4   1  4     2   0   1  2     1    6   2   1  6  -0.0991243

             1  4             1  2     1            2  6  -0.0749619

             2  4             1  2     1            1  6  -0.0456594

             2  4             1  2     1            2  6  -0.0614804

             3  4             1  2     1            1  6  -0.0003957

             3  4             1  2     1            2  6  -0.0061677

     6   4   1  5     2   0   1  2     1    6   2   1  3  -0.2417600

             2  5             1  2     1            1  3  -0.6482195

     6   4   1  5     2   0   1  2     1    6   2   1  4  -0.5109722

             1  5             1  2     1            2  4   0.1897903

             2  5             1  2     1            1  4  -0.0031550

             2  5             1  2     1            2  4  -0.4721521

     6   4   1  5     2   0   1  2     1    6   2   1  5   0.0988473

             2  5             1  2     1            1  5  -0.2135739

     6   4   1  5     2   0   1  2     1    6   2   1  6  -0.1702439

             1  5             1  2     1            2  6  -0.0888404

             2  5             1  2     1            1  6  -0.0025390

             2  5             1  2     1            2  6  -0.0540200

     6   4   1  5     2   0   1  2     1    6   2   1  7  -0.0528324

             2  5             1  2     1            1  7  -0.0062638

     6   4   1  6     2   0   1  2     1    6   2   1  4  -0.3814723

             1  6             1  2     1            2  4  -0.1251808

             2  6             1  2     1            1  4  -0.3738205

             2  6             1  2     1            2  4  -0.2626860

             3  6             1  2     1            1  4  -0.0035374

             3  6             1  2     1            2  4  -0.5845461

     6   4   1  6     2   0   1  2     1    6   2   1  5   0.2575490

             2  6             1  2     1            1  5   0.1341334

             3  6             1  2     1            1  5  -0.4903053

     6   4   1  6     2   0   1  2     1    6   2   1  6   0.1682624

             1  6             1  2     1            2  6  -0.2702164

             2  6             1  2     1            1  6  -0.3765738

             2  6             1  2     1            2  6   0.1615883

             3  6             1  2     1            1  6  -0.0060045

             3  6             1  2     1            2  6  -0.2326068

     6   4   1  6     2   0   1  2     1    6   2   1  7   0.1558661

             2  6             1  2     1            1  7  -0.0985988

             3  6             1  2     1            1  7  -0.0490080

     6   4   1  6     2   0   1  2     1    6   2   1  8  -0.0781504

             2  6             1  2     1            1  8  -0.0444151

             3  6             1  2     1            1  8  -0.0035066

     6   4   1  7     2   0   1  2     1    6   2   1  5  -0.3146695

             2  7             1  2     1            1  5  -0.5453484

     6   4   1  7     2   0   1  2     1    6   2   1  6  -0.5090408

             1  7             1  2     1            2  6   0.1598665

             2  7             1  2     1            1  6  -0.0087647

             2  7             1  2     1            2  6  -0.5024501

     6   4   1  7     2   0   1  2     1    6   2   1  7   0.1411786

             2  7             1  2     1            1  7  -0.2348620

     6   4   1  7     2   0   1  2     1    6   2   1  8  -0.1452563

             2  7             1  2     1            1  8  -0.0259415

     6   4   1  8     2   0   1  2     1    6   2   1  6  -0.5761519

             1  8             1  2     1            2  6  -0.3484417

             2  8             1  2     1            1  6   0.0291394

             2  8             1  2     1            2  6  -0.5171771

     6   4   1  8     2   0   1  2     1    6   2   1  7   0.2337128

             2  8             1  2     1            1  7  -0.5396905

     6   4   1  8     2   0   1  2     1    6   2   1  8  -0.1128342

             2  8             1  2     1            1  8  -0.1632862

     6   4   1  9     2   0   1  2     1    6   2   1  7  -0.6291529

     6   4   1  9     2   0   1  2     1    6   2   1  8  -0.4577760

     6   4   1 10     2   0   1  2     1    6   2   1  8  -0.7859052

     6   4   1  0     2   0   1  2     1    4   6   1  2  -0.1289283

             1  0             1  2     1            2  2   0.3388304

     6   4   1  2     2   0   1  2     1    4   6   1  0  -0.5037119

             2  2             1  2     1            1  0   0.6351513

     6   4   1  2     2   0   1  2     1    4   6   1  2   0.2363058

             1  2             1  2     1            2  2   0.5023557

             2  2             1  2     1            1  2   0.2478605

             2  2             1  2     1            2  2  -0.2100479

     6   4   1  2     2   0   1  2     1    4   6   1  3  -0.4372635

             2  2             1  2     1            1  3  -0.1717880

     6   4   1  2     2   0   1  2     1    4   6   1  4  -0.0748607

             1  2             1  2     1            2  4   0.1646878

             1  2             1  2     1            3  4   0.0035680

             2  2             1  2     1            1  4   0.0102845

             2  2             1  2     1            2  4  -0.0391183

             2  2             1  2     1            3  4   0.5128153

     6   4   1  3     2   0   1  2     1    4   6   1  2   0.4392236

             1  3             1  2     1            2  2   0.3407012

     6   4   1  3     2   0   1  2     1    4   6   1  3   0.0000000

     6   4   1  3     2   0   1  2     1    4   6   1  4   0.0765746

             1  3             1  2     1            2  4  -0.1534428

             1  3             1  2     1            3  4  -0.4709656

     6   4   1  3     2   0   1  2     1    4   6   1  5  -0.0191938

             1  3             1  2     1            2  5   0.3429452

     6   4   1  4     2   0   1  2     1    4   6   1  2  -0.4532176

             1  4             1  2     1            2  2   0.1711058

             2  4             1  2     1            1  2   0.3914946

             2  4             1  2     1            2  2  -0.2824272

             3  4             1  2     1            1  2   0.0003487

             3  4             1  2     1            2  2   0.2598489

     6   4   1  4     2   0   1  2     1    4   6   1  3  -0.4491701

             2  4             1  2     1            1  3   0.3287134

             3  4             1  2     1            1  3   0.1148342

     6   4   1  4     2   0   1  2     1    4   6   1  4   0.2927808

             1  4             1  2     1            2  4   0.5158104

             1  4             1  2     1            3  4   0.0074842

             2  4             1  2     1            1  4   0.2463700

             2  4             1  2     1            2  4   0.0787457

             2  4             1  2     1            3  4   0.3565922

             3  4             1  2     1            1  4   0.0020571

             3  4             1  2     1            2  4   0.0286498

             3  4             1  2     1            3  4  -0.2244452

     6   4   1  4     2   0   1  2     1    4   6   1  5  -0.2975157

             1  4             1  2     1            2  5  -0.0140757

             2  4             1  2     1            1  5  -0.1366182

             2  4             1  2     1            2  5  -0.4640303

             3  4             1  2     1            1  5  -0.0010951

             3  4             1  2     1            2  5  -0.0996849

     6   4   1  4     2   0   1  2     1    4   6   1  6   0.0334611

             1  4             1  2     1            2  6   0.0200092

             1  4             1  2     1            3  6  -0.0012128

             2  4             1  2     1            1  6   0.0167875

             2  4             1  2     1            2  6   0.2224408

             2  4             1  2     1            3  6   0.0037483

             3  4             1  2     1            1  6  -0.0043983

             3  4             1  2     1            2  6   0.0333172

             3  4             1  2     1            3  6   0.6998603

     6   4   1  5     2   0   1  2     1    4   6   1  3  -0.3602779

             2  5             1  2     1            1  3   0.2357894

     6   4   1  5     2   0   1  2     1    4   6   1  4   0.4379547

             1  5             1  2     1            2  4   0.2747388

             1  5             1  2     1            3  4  -0.2092496

             2  5             1  2     1            1  4   0.0024426

             2  5             1  2     1            2  4   0.1317252

             2  5             1  2     1            3  4   0.2795214

     6   4   1  5     2   0   1  2     1    4   6   1  5   0.1645951

             1  5             1  2     1            2  5   0.4493957

             2  5             1  2     1            1  5   0.0287341

             2  5             1  2     1            2  5  -0.1114532

     6   4   1  5     2   0   1  2     1    4   6   1  6  -0.0922815

             1  5             1  2     1            2  6  -0.4157871

             1  5             1  2     1            3  6  -0.0022836

             2  5             1  2     1            1  6  -0.0064956

             2  5             1  2     1            2  6  -0.1237126

             2  5             1  2     1            3  6  -0.5608706

     6   4   1  5     2   0   1  2     1    4   6   1  7   0.1327030

             1  5             1  2     1            2  7   0.0111251

             2  5             1  2     1            1  7   0.0659744

             2  5             1  2     1            2  7   0.4878389

     6   4   1  6     2   0   1  2     1    4   6   1  4  -0.4910780

             1  6             1  2     1            2  4   0.2953381

             1  6             1  2     1            3  4   0.0027010

             2  6             1  2     1            1  4   0.3967981

             2  6             1  2     1            2  4  -0.4565175

             2  6             1  2     1            3  4   0.0818642

             3  6             1  2     1            1  4  -0.0008959

             3  6             1  2     1            2  4   0.2313102

             3  6             1  2     1            3  4  -0.1696149

     6   4   1  6     2   0   1  2     1    4   6   1  5  -0.5377278

             1  6             1  2     1            2  5  -0.0137119

             2  6             1  2     1            1  5   0.3051843

             2  6             1  2     1            2  5  -0.3137044

             3  6             1  2     1            1  5   0.1353101

             3  6             1  2     1            2  5   0.3241830

     6   4   1  6     2   0   1  2     1    4   6   1  6   0.5946856

             1  6             1  2     1            2  6   0.0150810

             1  6             1  2     1            3  6   0.0002960

             2  6             1  2     1            1  6   0.3015528

             2  6             1  2     1            2  6   0.4605403

             2  6             1  2     1            3  6   0.0033532

             3  6             1  2     1            1  6   0.0141849

             3  6             1  2     1            2  6  -0.0251005

             3  6             1  2     1            3  6   0.3819008

     6   4   1  6     2   0   1  2     1    4   6   1  7  -0.1155293

             1  6             1  2     1            2  7   0.0181856

             2  6             1  2     1            1  7  -0.3474000

             2  6             1  2     1            2  7  -0.0098916

             3  6             1  2     1            1  7  -0.1497825

             3  6             1  2     1            2  7  -0.5892236

     6   4   1  6     2   0   1  2     1    4   6   1  8   0.0201628

             1  6             1  2     1            2  8  -0.0039024

             2  6             1  2     1            1  8   0.0684316

             2  6             1  2     1            2  8   0.0223166

             3  6             1  2     1            1  8   0.1001739

             3  6             1  2     1            2  8   0.3180711

     6   4   1  7     2   0   1  2     1    4   6   1  5  -0.4652860

             1  7             1  2     1            2  5   0.1363387

             2  7             1  2     1            1  5   0.2327018

             2  7             1  2     1            2  5  -0.2557654

     6   4   1  7     2   0   1  2     1    4   6   1  6   0.4633979

             1  7             1  2     1            2  6  -0.4336691

             1  7             1  2     1            3  6   0.0050047

             2  7             1  2     1            1  6   0.1117676

             2  7             1  2     1            2  6   0.3510524

             2  7             1  2     1            3  6  -0.2075363

     6   4   1  7     2   0   1  2     1    4   6   1  7   0.5652988

             1  7             1  2     1            2  7  -0.0056666

             2  7             1  2     1            1  7   0.0543210

             2  7             1  2     1            2  7   0.5204595

     6   4   1  7     2   0   1  2     1    4   6   1  8  -0.2417605

             1  7             1  2     1            2  8  -0.0362438

             2  7             1  2     1            1  8  -0.1943116

             2  7             1  2     1            2  8  -0.5199632

     6   4   1  7     2   0   1  2     1    4   6   1  9   0.0468332

             2  7             1  2     1            1  9   0.2053235

     6   4   1  8     2   0   1  2     1    4   6   1  6  -0.1355603

             1  8             1  2     1            2  6   0.1167843

             1  8             1  2     1            3  6   0.0031535

             2  8             1  2     1            1  6   0.1541310

             2  8             1  2     1            2  6  -0.3024390

             2  8             1  2     1            3  6   0.0741379

     6   4   1  8     2   0   1  2     1    4   6   1  7  -0.3769906

             1  8             1  2     1            2  7  -0.0063605

             2  8             1  2     1            1  7   0.3900782

             2  8             1  2     1            2  7  -0.3501540

     6   4   1  8     2   0   1  2     1    4   6   1  8   0.7532440

             1  8             1  2     1            2  8  -0.0898978

             2  8             1  2     1            1  8   0.1087225

             2  8             1  2     1            2  8   0.6002449

     6   4   1  8     2   0   1  2     1    4   6   1  9  -0.1574796

             2  8             1  2     1            1  9  -0.4532678

     6   4   1  8     2   0   1  2     1    4   6   1 10   0.0350677

             2  8             1  2     1            1 10   0.1009341

     6   4   1  9     2   0   1  2     1    4   6   1  7  -0.2056477

             1  9             1  2     1            2  7   0.1178433

     6   4   1  9     2   0   1  2     1    4   6   1  8   0.2237567

             1  9             1  2     1            2  8  -0.4552723

     6   4   1  9     2   0   1  2     1    4   6   1  9   0.7006585

     6   4   1  9     2   0   1  2     1    4   6   1 10  -0.3411775

     6   4   1 10     2   0   1  2     1    4   6   1  8  -0.0523832

             1 10             1  2     1            2  8   0.1065828

     6   4   1 10     2   0   1  2     1    4   6   1  9  -0.3586851

     6   4   1 10     2   0   1  2     1    4   6   1 10   0.7962947

     4   2   1  0     2   0   1  2     1    6   2   1  2   0.5097707

             1  0             1  2     1            2  2  -0.0115688

     4   2   1  2     2   0   1  2     1    6   2   1  0   0.7414177

             2  2             1  2     1            1  0   0.0173152

     4   2   1  2     2   0   1  2     1    6   2   1  2  -0.4764284

             1  2             1  2     1            2  2   0.0304787

             2  2             1  2     1            1  2  -0.0174968

             2  2             1  2     1            2  2   0.4972584

     4   2   1  2     2   0   1  2     1    6   2   1  3   0.0264194

             2  2             1  2     1            1  3   0.6674655

     4   2   1  2     2   0   1  2     1    6   2   1  4   0.7488662

             1  2             1  2     1            2  4  -0.0538024

             2  2             1  2     1            1  4  -0.0105108

             2  2             1  2     1            2  4   0.4980954

     4   2   1  3     2   0   1  2     1    6   2   1  2   0.0065858

             1  3             1  2     1            2  2  -0.5133584

     4   2   1  3     2   0   1  2     1    6   2   1  3   0.0000000

     4   2   1  3     2   0   1  2     1    6   2   1  4  -0.0327509

             1  3             1  2     1            2  4   0.5840801

     4   2   1  3     2   0   1  2     1    6   2   1  5   0.6869147

     4   2   1  4     2   0   1  2     1    6   2   1  2   0.3392289

             1  4             1  2     1            2  2   0.0369622

             2  4             1  2     1            1  2   0.0361088

             2  4             1  2     1            2  2   0.2340799

     4   2   1  4     2   0   1  2     1    6   2   1  3  -0.0678772

             2  4             1  2     1            1  3  -0.3570100

     4   2   1  4     2   0   1  2     1    6   2   1  4  -0.3786221

             1  4             1  2     1            2  4   0.0066677

             2  4             1  2     1            1  4  -0.0347511

             2  4             1  2     1            2  4  -0.1569140

     4   2   1  4     2   0   1  2     1    6   2   1  5   0.0913109

             2  4             1  2     1            1  5   0.4802627

     4   2   1  4     2   0   1  2     1    6   2   1  6   0.9268936

             1  4             1  2     1            2  6  -0.0910761

             2  4             1  2     1            1  6  -0.0238935

             2  4             1  2     1            2  6   0.8338074

     4   2   1  5     2   0   1  2     1    6   2   1  3   0.2036700

     4   2   1  5     2   0   1  2     1    6   2   1  4   0.0130631

             1  5             1  2     1            2  4  -0.2329674

     4   2   1  5     2   0   1  2     1    6   2   1  5  -0.2036700

     4   2   1  5     2   0   1  2     1    6   2   1  6  -0.0630114

             1  5             1  2     1            2  6   0.4073157

     4   2   1  5     2   0   1  2     1    6   2   1  7   0.9428090

     4   2   1  6     2   0   1  2     1    6   2   1  4   0.1421486

             1  6             1  2     1            2  4   0.1410489

     4   2   1  6     2   0   1  2     1    6   2   1  5  -0.1516094

     4   2   1  6     2   0   1  2     1    6   2   1  6  -0.2232603

             1  6             1  2     1            2  6  -0.1482708

     4   2   1  6     2   0   1  2     1    6   2   1  7   0.3333333

     4   2   1  6     2   0   1  2     1    6   2   1  8   1.0000000

     4   2   1  0     2   0   1  2     1    4   0   1  2  -0.1054093

     4   2   1  2     2   0   1  2     1    4   0   1  0  -0.3799809

             2  2             1  2     1            1  0  -0.8131236

     4   2   1  2     2   0   1  2     1    4   0   1  2   0.1691799

             2  2             1  2     1            1  2  -0.3413252

     4   2   1  2     2   0   1  2     1    4   0   1  4  -0.0754502

             2  2             1  2     1            1  4  -0.0233045

     4   2   1  3     2   0   1  2     1    4   0   1  2  -0.5669467

     4   2   1  3     2   0   1  2     1    4   0   1  4  -0.1259882

     4   2   1  4     2   0   1  2     1    4   0   1  2  -0.3532448

             2  4             1  2     1            1  2  -0.4636960

     4   2   1  4     2   0   1  2     1    4   0   1  4   0.1769576

             2  4             1  2     1            1  4  -0.3537635

     4   2   1  5     2   0   1  2     1    4   0   1  4  -0.5527708

     4   2   1  6     2   0   1  2     1    4   0   1  4  -0.6009252

     4   2   1  0     2   0   1  2     1    2   4   1  2  -0.0942809

             1  0             1  2     1            2  2   0.3464102

     4   2   1  2     2   0   1  2     1    2   4   1  0  -0.5530952

             2  2             1  2     1            1  0   0.5818334

     4   2   1  2     2   0   1  2     1    2   4   1  2   0.2581581

             1  2             1  2     1            2  2   0.5664941

             2  2             1  2     1            1  2   0.1803176

             2  2             1  2     1            2  2  -0.1945789

     4   2   1  2     2   0   1  2     1    2   4   1  3  -0.4234631

             2  2             1  2     1            1  3  -0.1307960

     4   2   1  2     2   0   1  2     1    2   4   1  4   0.0765072

             1  2             1  2     1            2  4   0.0125177

             2  2             1  2     1            1  4   0.0333960

             2  2             1  2     1            2  4   0.5707987

     4   2   1  3     2   0   1  2     1    2   4   1  2   0.3920868

             1  3             1  2     1            2  2   0.3482355

     4   2   1  3     2   0   1  2     1    2   4   1  3   0.0000000

     4   2   1  3     2   0   1  2     1    2   4   1  4  -0.1117883

             1  3             1  2     1            2  4  -0.5732491

     4   2   1  3     2   0   1  2     1    2   4   1  5   0.3240370

     4   2   1  4     2   0   1  2     1    2   4   1  2  -0.5344104

             1  4             1  2     1            2  2   0.2252932

             2  4             1  2     1            1  2   0.4038733

             2  4             1  2     1            2  2  -0.3159440

     4   2   1  4     2   0   1  2     1    2   4   1  3  -0.5496848

             2  4             1  2     1            1  3   0.3693481

     4   2   1  4     2   0   1  2     1    2   4   1  4   0.6494389

             1  4             1  2     1            2  4   0.0063094

             2  4             1  2     1            1  4   0.1762410

             2  4             1  2     1            2  4   0.4673156

     4   2   1  4     2   0   1  2     1    2   4   1  5  -0.1005058

             2  4             1  2     1            1  5  -0.5286247

     4   2   1  4     2   0   1  2     1    2   4   1  6   0.0287159

             2  4             1  2     1            1  6   0.1510356

     4   2   1  5     2   0   1  2     1    2   4   1  3  -0.4062019

     4   2   1  5     2   0   1  2     1    2   4   1  4   0.4922056

             1  5             1  2     1            2  4  -0.3340996

     4   2   1  5     2   0   1  2     1    2   4   1  5   0.6244998

     4   2   1  5     2   0   1  2     1    2   4   1  6  -0.3741657

     4   2   1  6     2   0   1  2     1    2   4   1  4  -0.1528811

             1  6             1  2     1            2  4   0.1037727

     4   2   1  6     2   0   1  2     1    2   4   1  5  -0.4067610

     4   2   1  6     2   0   1  2     1    2   4   1  6   0.7977240

     2   6   1  0     2   0   1  2     1    4   6   1  2   0.5487649

             1  0             1  2     1            2  2  -0.0328521

     2   6   1  2     2   0   1  2     1    4   6   1  0   0.7119577

             2  2             1  2     1            1  0   0.0650176

     2   6   1  2     2   0   1  2     1    4   6   1  2  -0.4748313

             1  2             1  2     1            2  2   0.0893168

             2  2             1  2     1            1  2  -0.0647229

             2  2             1  2     1            2  2   0.5132045

     2   6   1  2     2   0   1  2     1    4   6   1  3   0.0844807

             2  2             1  2     1            1  3   0.7066516

     2   6   1  2     2   0   1  2     1    4   6   1  4   0.8238437

             1  2             1  2     1            2  4  -0.1589688

             1  2             1  2     1            3  4   0.0074493

             2  2             1  2     1            1  4  -0.0364438

             2  2             1  2     1            2  4   0.5648073

             2  2             1  2     1            3  4  -0.0433843

     2   6   1  3     2   0   1  2     1    4   6   1  2   0.0203451

             1  3             1  2     1            2  2  -0.4810450

     2   6   1  3     2   0   1  2     1    4   6   1  3   0.0000000

     2   6   1  3     2   0   1  2     1    4   6   1  4  -0.1203455

             1  3             1  2     1            2  4   0.6242811

             1  3             1  2     1            3  4  -0.0474840

     2   6   1  3     2   0   1  2     1    4   6   1  5   0.7696869

             1  3             1  2     1            2  5  -0.1294436

     2   6   1  4     2   0   1  2     1    4   6   1  2   0.2858648

             1  4             1  2     1            2  2   0.2027190

             2  4             1  2     1            1  2  -0.0151960

             2  4             1  2     1            2  2   0.0387412

     2   6   1  4     2   0   1  2     1    4   6   1  3  -0.3450667

             2  4             1  2     1            1  3  -0.0593833

     2   6   1  4     2   0   1  2     1    4   6   1  4  -0.3375929

             1  4             1  2     1            2  4  -0.0786533

             1  4             1  2     1            3  4   0.1067712

             2  4             1  2     1            1  4   0.0302910

             2  4             1  2     1            2  4  -0.0870000

             2  4             1  2     1            3  4   0.6641650

     2   6   1  4     2   0   1  2     1    4   6   1  5   0.5182419

             1  4             1  2     1            2  5   0.0260674

             2  4             1  2     1            1  5  -0.0432694

             2  4             1  2     1            2  5   0.7614889

     2   6   1  4     2   0   1  2     1    4   6   1  6   0.8202177

             1  4             1  2     1            2  6  -0.1652726

             1  4             1  2     1            3  6   0.0135746

             2  4             1  2     1            1  6  -0.0041922

             2  4             1  2     1            2  6   0.5309563

             2  4             1  2     1            3  6  -0.0562510

     2   6   1  5     2   0   1  2     1    4   6   1  3   0.1279204

     2   6   1  5     2   0   1  2     1    4   6   1  4   0.0272719

             1  5             1  2     1            2  4  -0.1340246

             1  5             1  2     1            3  4  -0.3388643

     2   6   1  5     2   0   1  2     1    4   6   1  5  -0.1916780

             1  5             1  2     1            2  5   0.2720823

     2   6   1  5     2   0   1  2     1    4   6   1  6   0.0471954

             1  5             1  2     1            2  6   0.7356555

             1  5             1  2     1            3  6  -0.0781921

     2   6   1  5     2   0   1  2     1    4   6   1  7   0.7439172

             1  5             1  2     1            2  7  -0.1673494

     2   6   1  6     2   0   1  2     1    4   6   1  4   0.1619649

             1  6             1  2     1            2  4   0.1701785

             1  6             1  2     1            3  4   0.0704573

             2  6             1  2     1            1  4  -0.0284370

             2  6             1  2     1            2  4  -0.0135499

             2  6             1  2     1            3  4   0.0228343

     2   6   1  6     2   0   1  2     1    4   6   1  5  -0.1912806

             1  6             1  2     1            2  5  -0.2263853

             2  6             1  2     1            1  5   0.0330894

             2  6             1  2     1            2  5  -0.0716918

     2   6   1  6     2   0   1  2     1    4   6   1  6  -0.3062306

             1  6             1  2     1            2  6   0.1238871

             1  6             1  2     1            3  6   0.1368454

             2  6             1  2     1            1  6   0.0388017

             2  6             1  2     1            2  6  -0.0656927

             2  6             1  2     1            3  6   0.7163145

     2   6   1  6     2   0   1  2     1    4   6   1  7   0.5764127

             1  6             1  2     1            2  7   0.0320783

             2  6             1  2     1            1  7  -0.0018574

             2  6             1  2     1            2  7   0.7732300

     2   6   1  6     2   0   1  2     1    4   6   1  8   0.8658144

             1  6             1  2     1            2  8  -0.2469499

             2  6             1  2     1            1  8   0.0104109

             2  6             1  2     1            2  8   0.5413175

     2   6   1  7     2   0   1  2     1    4   6   1  5   0.0525834

             1  7             1  2     1            2  5   0.0703885

     2   6   1  7     2   0   1  2     1    4   6   1  6  -0.0079847

             1  7             1  2     1            2  6  -0.1618922

             1  7             1  2     1            3  6  -0.2403500

     2   6   1  7     2   0   1  2     1    4   6   1  7  -0.1089376

             1  7             1  2     1            2  7   0.3719083

     2   6   1  7     2   0   1  2     1    4   6   1  8   0.2205954

             1  7             1  2     1            2  8   0.7494847

     2   6   1  7     2   0   1  2     1    4   6   1  9   0.7905694

     2   6   1  8     2   0   1  2     1    4   6   1  6   0.1267358

             1  8             1  2     1            2  6   0.0647560

             1  8             1  2     1            3  6   0.0301605

     2   6   1  8     2   0   1  2     1    4   6   1  7  -0.1769234

             1  8             1  2     1            2  7  -0.1343456

     2   6   1  8     2   0   1  2     1    4   6   1  8  -0.1865768

             1  8             1  2     1            2  8   0.2097069

     2   6   1  8     2   0   1  2     1    4   6   1  9   0.6123724

     2   6   1  8     2   0   1  2     1    4   6   1 10   1.0000000

     2   0   1  0     2   0   1  2     1    4   0   1  2   0.6236096

     2   0   1  2     2   0   1  2     1    4   0   1  0   0.6666667

     2   0   1  2     2   0   1  2     1    4   0   1  2  -0.4714045

     2   0   1  2     2   0   1  2     1    4   0   1  4   1.0000000

     2   6   1  0     2   0   1  2     1    2   4   1  2  -0.1349413

             1  0             1  2     1            2  2  -0.2113007

     2   6   1  2     2   0   1  2     1    2   4   1  0  -0.4297841

             2  2             1  2     1            1  0  -0.7470895

     2   6   1  2     2   0   1  2     1    2   4   1  2   0.1825226

             1  2             1  2     1            2  2  -0.3058461

             2  2             1  2     1            1  2  -0.3421082

             2  2             1  2     1            2  2  -0.1667675

     2   6   1  2     2   0   1  2     1    2   4   1  3   0.2783234

             2  2             1  2     1            1  3  -0.1735507

     2   6   1  2     2   0   1  2     1    2   4   1  4  -0.1698509

             1  2             1  2     1            2  4   0.0043884

             2  2             1  2     1            1  4  -0.0717689

             2  2             1  2     1            2  4  -0.1440664

     2   6   1  3     2   0   1  2     1    2   4   1  2  -0.5227650

             1  3             1  2     1            2  2   0.2892807

     2   6   1  3     2   0   1  2     1    2   4   1  3  -0.0000000

     2   6   1  3     2   0   1  2     1    2   4   1  4  -0.2004533

             1  3             1  2     1            2  4   0.1360638

     2   6   1  3     2   0   1  2     1    2   4   1  5  -0.1228176

     2   6   1  4     2   0   1  2     1    2   4   1  2  -0.5575467

             1  4             1  2     1            2  2  -0.2355007

             2  4             1  2     1            1  2   0.0057594

             2  4             1  2     1            2  2  -0.6846532

     2   6   1  4     2   0   1  2     1    2   4   1  3   0.3393118

             2  4             1  2     1            1  3  -0.3691830

     2   6   1  4     2   0   1  2     1    2   4   1  4  -0.2115507

             1  4             1  2     1            2  4  -0.0657227

             2  4             1  2     1            1  4  -0.1021734

             2  4             1  2     1            2  4  -0.1928461

     2   6   1  4     2   0   1  2     1    2   4   1  5   0.1079628

             2  4             1  2     1            1  5  -0.1174673

     2   6   1  4     2   0   1  2     1    2   4   1  6  -0.1259330

             2  4             1  2     1            1  6  -0.0022368

     2   6   1  5     2   0   1  2     1    2   4   1  3  -0.6509253

     2   6   1  5     2   0   1  2     1    2   4   1  4  -0.3380328

             1  5             1  2     1            2  4   0.2294502

     2   6   1  5     2   0   1  2     1    2   4   1  5  -0.1539601

     2   6   1  5     2   0   1  2     1    2   4   1  6  -0.1054221

     2   6   1  6     2   0   1  2     1    2   4   1  4  -0.7499245

             1  6             1  2     1            2  4  -0.1394628

             2  6             1  2     1            1  4   0.0403803

             2  6             1  2     1            2  4  -0.8407257

     2   6   1  6     2   0   1  2     1    2   4   1  5   0.1571173

             2  6             1  2     1            1  5  -0.3000600

     2   6   1  6     2   0   1  2     1    2   4   1  6  -0.2023473

             2  6             1  2     1            1  6  -0.0100471

     2   6   1  7     2   0   1  2     1    2   4   1  5  -0.8322504

     2   6   1  7     2   0   1  2     1    2   4   1  6  -0.2706660

     2   6   1  8     2   0   1  2     1    2   4   1  6  -0.8644378

     2   6   1  0     2   0   1  2     1    0   8   1  2   0.1868706

     2   6   1  2     2   0   1  2     1    0   8   1  0  -0.5553394

             2  2             1  2     1            1  0   0.6615360

     2   6   1  2     2   0   1  2     1    0   8   1  2   0.5448654

             2  2             1  2     1            1  2  -0.0990506

     2   6   1  2     2   0   1  2     1    0   8   1  4   0.0353007

             2  2             1  2     1            1  4   0.2952782

     2   6   1  3     2   0   1  2     1    0   8   1  2   0.5669467

     2   6   1  3     2   0   1  2     1    0   8   1  4  -0.3933979

     2   6   1  4     2   0   1  2     1    0   8   1  2  -0.1085414

             2  4             1  2     1            1  2   0.2882997

     2   6   1  4     2   0   1  2     1    0   8   1  4   0.5482858

             2  4             1  2     1            1  4  -0.2267676

     2   6   1  4     2   0   1  2     1    0   8   1  6   0.0602739

             2  4             1  2     1            1  6   0.4015000

     2   6   1  5     2   0   1  2     1    0   8   1  4   0.4082483

     2   6   1  5     2   0   1  2     1    0   8   1  6  -0.4972452

     2   6   1  6     2   0   1  2     1    0   8   1  4  -0.0382334

             2  6             1  2     1            1  4   0.1494916

     2   6   1  6     2   0   1  2     1    0   8   1  6   0.5290353

             2  6             1  2     1            1  6  -0.2493695

     2   6   1  6     2   0   1  2     1    0   8   1  8   0.1025910

             2  6             1  2     1            1  8   0.4901721

     2   6   1  7     2   0   1  2     1    0   8   1  6   0.2723524

     2   6   1  7     2   0   1  2     1    0   8   1  8  -0.5669467

     2   6   1  8     2   0   1  2     1    0   8   1  6  -0.0322157

     2   6   1  8     2   0   1  2     1    0   8   1  8   0.5627314

     2   0   1  0     2   0   1  2     1    0   2   1  2   0.3333333

     2   0   1  2     2   0   1  2     1    0   2   1  0  -0.7453560

     2   0   1  2     2   0   1  2     1    0   2   1  2   0.8819171

     0   4   1  0     2   0   1  2     1    2   4   1  2   0.7981105

             1  0             1  2     1            2  2  -0.0863952

     0   4   1  2     2   0   1  2     1    2   4   1  0   0.4714045

     0   4   1  2     2   0   1  2     1    2   4   1  2  -0.4083506

             1  2             1  2     1            2  2   0.6432330

     0   4   1  2     2   0   1  2     1    2   4   1  3   0.9583148

     0   4   1  2     2   0   1  2     1    2   4   1  4   0.8612671

             1  2             1  2     1            2  4  -0.1154170

     0   4   1  4     2   0   1  2     1    2   4   1  2   0.1584270

             1  4             1  2     1            2  2   0.1407084

     0   4   1  4     2   0   1  2     1    2   4   1  3  -0.2857143

     0   4   1  4     2   0   1  2     1    2   4   1  4  -0.2509202

             1  4             1  2     1            2  4   0.7502596

     0   4   1  4     2   0   1  2     1    2   4   1  5   1.0000000

     0   4   1  4     2   0   1  2     1    2   4   1  6   1.0000000

     0   4   1  0     2   0   1  2     1    0   2   1  2  -0.1885618

     0   4   1  2     2   0   1  2     1    0   2   1  0  -0.8819171

     0   4   1  2     2   0   1  2     1    0   2   1  2  -0.2981424

     0   4   1  4     2   0   1  2     1    0   2   1  2  -0.8485281

